id sid       name   h1 h2 m1 m2
01 971506102 §õ«H¾Ë 70 85  0 75
02 972506103 ¼Ú¨Î´f 80 50 30 35
03 971506104 ³¯§»³ó 85 50 30 20
04 971506105 ³¯¸t¶v 50 50 20 25
05 971506106 ¥î­ì½÷  0 50 30 45
06 971506107 §E¯ª¦ö  0  0  0 15
07 972506108 §õÏÉ¼_ 85 85 40 65
08 971506109 ¨¯®Û©v 80 80 20 30
09 971506110 ªL·Ô³Í 85 85 80 99
10 971506111 ¬x­^®Ê 85 85 40 50
11 971506112 ±ç¶{³Ç 50 20  0 25
12 971506113 ³\­Ü»¨ 80 85 30 43
13 972506114 ³¢¶®´¸ 85 80 30 40
14 971506116 ³¯ª÷¦¨ 80 60  0 20
15 971506117 ¶À¤h°a 85 70 30 86
16 972506118 ¶ÀË¢¿o 50 50  0  0
17 971506119 ¶À´IÙy 85  0  0 35
18 971506120 ·¨¬F³Ç 60 70  0 10
19 971506121 ¸­¥à   80 50  0 45
20 971506122 ¼B¤H»¨ 75 50  0 45
21 972506123 ¼B´@´@ 80 70  0 25
22 972506124 ¼Bµx¯ø 85 85 20 20
23 971506125 ½²³Ó©¾ 85 70 40 99
24 971506126 ÁÂªl©_ 85 50 20 30
25 971506127 ¶Àºa¹Å 85 50  0 30
26 971506128 ªL¸q³Ó 60  0  0 25
27 972506129 ¶ÀÂùÂù 70 80  0 60
28 971506130 §õ«Ø½n 50 70  0 10
29 972506131 ³¯ÃÀ¤å 85 75  0 25
31 971506133 ½²¬FªN 60  0 20  0
32 971506151 ¤ýµ¤·ç 80 75 10 20
33 971506152 ²ø¤lº~  0  0  0 10
34 972506153 ³¯·O±Ó 85 85  0 20
35 932508108 ¤ý¨Î¬Â  0  0 10 20
36 931508122 ¶À«H³Õ  0  0  0  0
37 961506123 ®É±Rºû 85 85  0 35
