id sid       name   se mi h1
01 951506101 張永郇 13 55 60
02 952506102 范思惟 of  0  0
03 951506103 趙柏鈞 25 40 85
04 951506105 陳逸鴻 43 50 85
05 952506106 林佳慧 22 65 90
06 951506109 陳柏升 24 30 70
07 951506110 簡玉龍 26 10 70
08 951506111 陳慶雄 35 10 60
09 951506112 王百慶 31 10 70 5/19
10 951506113 鍾國山 45 50 70 5/19
11 951506114 黃嘉慶 53  0 80 5/05
12 952506115 孫于棠 12 40 85 5/05
13 952506118 徐嘉容 33 65 60
14 951506120 向兆元 44 40 90 
15 951506121 郭宗瑋 54 40 80 4/14
16 951506122 曾于哲 21  0 60 4/14
17 952506123 吳懿庭 52 30 85 4/07
18 951506125 許維哲 42 90 95 4/07
19 951506126 柯政君 55  0 60 3/24
20 951506127 梁益銘 65 10 60 3/31
21 951506129 洪禾宇 64  0 70 3/24
22 951506131 李昆陽 46 10 80 3/31
23 952506132 蔡瑩萍 32 35 80 3/17
24 951506134 邱奕翔 41  0 60 3/17
25 951506135 林維棠 of 50 85
26 951506136 李育陞 42 35 85
27 951506151 康中彥 34 75 80
28 951506152 佘俊志 63  0 70
29 951506153 陳志盛 56  0 80
30 951506157 何耀仁 of 10 70
31 951506158 郭聰智 of  0 70
32 971205162 顏銘慶 of  0 60
