說明 q:小考 n:筆記 h:作業 mi:期中考
id studentid chname orgclass n1 h1 q1 h2 q2 mi n2 q3 n3 h3 q4 of fi
 1 922506101 蔡宜芳 五資四甲 75 99  0 60 90 90 80 60 80 95 80
 2 922506102 吳書儀 五資四甲 85 99 10 65 30 90 80 20 80 80 30
 3 922506103 伍姵潔 五資四甲 80 99 10  0 50 60 30  0 60 70  0
 4 921506104 張家賓 五資四甲 80 99 10 70 30 50 80 20 80 75 50
 5 921506105 張榮良 五資四甲 80 99 20 60 10 10 80  0 70 70 80
 6 922506106 劉孟晴 五資四甲 85 99 10  0  0 20 90 30 70 40 30
 7 921506107 林琨程 五資四甲 75 80 10  0 10 20 30  0  0  0  0
 8 921506109 洪紳韋 五資四甲 75 80 10  0  0  0 80  0 50  0  0
 9 921506110 李龍佑 五資四甲 80 99  0 60  0 10 90  0 70 80 20
10 921506113 王裕翔 五資四甲 80 99  0  0  0 10 30  0  0  0  0
11 921506114 王信文 五資四甲  0 99 10  0  0  0 20  0  0 70  0
12 921506115 曾冠瑜 五資四甲 80 80 10 60  0 10 30  0  0  0  0
13 921506116 江祥禎 五資四甲 80 99  0 50  0 25 80  0 70 70  0
14 922506117 唐子婷 五資四甲 75 99 10 85 50 55 70 20 70 75  0
15 921506118 朱宇翔 五資四甲 85 99  0  0  0 30 70  0 50  0  0
16 921506119 許宜偉 五資四甲  0 99 10  0  0  0 20  0  0  0  0
17 921506120 陳豐勝 五資四甲 75 99 10  0 10 10 30  0 70 70 40  
18 921506122 陳信廷 五資四甲 75 80  0 70 30 50 90 30 80 90 99
19 921506123 鍾世淳 五資四甲 75 99 20 70 30 60 70 20 60 75 30
20 922506126 陳思璇 五資四甲 75 99 10 70  0 30 90  0 60 75 60
21 921506128 黃俊貴 五資四甲 80 99  0  0  0  0 30  0 60 75 30
22 921506129 黃祺華 五資四甲 75 99 10 65 10 70  0 20 40 80 30
23 921506131 唐雋傑 五資四甲 75 99 50 65 90 30 70 50 60 85 80
24 921506132 鍾百翔 五資四甲 80 99 10 70 10 30 90  0 70 80 40
25 921506134 鍾彥庭 五資四甲 75 99 10 65 10 20 80 20 75 70 40
26 921506136 洪靖倫 五資四甲 75 99 20 70 99 90 80 30 70 40 80
27 921506137 陳睿潮 五資四甲 80 80  0  0  0 10 30 20  0  0 20
28 921506138 林子翔 五資四甲 80 99 20 80 90 90 90 30 90 80 99
29 921506139 李侑臨 五資四甲 75 80 10 75 50 90 80 50 75 56 60
30 921506140 陳裕棠 五資四甲 80 80 10 75 10 20 70 10 60  0  0
31 921506141 曾文伯 五資四甲 80 80  0  0  0 10 30  0  0  0  0
32 922506142 沈郁玲 五資四甲 85 80 10 50 30 50 95  0 80 80 40
33 921506143 薛澄晨 五資四甲 85 80 10 70 10 20 90  0 80 70 80
34 921506145 王建雄 五資四甲 60 99  0  0  0 20 70  0 70 40  0
35 922506146 黃文音 五資四甲 75 80  0 50  0 20 90  0 80 80 10
36 921506147 楊耀閔 五資四甲 75 99 10 65  0 70 70 25 70 80 40
37 921506148 劉冠緯 五資四甲 75 99 10 70 70 90 80  0 70 80 60
38 921506149 龔聖凱 五資四甲 80 99 30 70 99 90 90 60 90 80 99
39 921506150 王信富 五資四甲 80 80 10 65 70 80 75 80 95 90  0
40 922506151 鍾佩潔 五資四甲 85 99 20 50 10 30 60  0 40 80 40
41 921506153 歐上銘 五資四甲 80 99 10 70 10 30 80 20 75 90 99
42 922506154 吳幸樺 五資四甲 80 99 10 70  0 30 70  0 80 80 50
43 921506166 張家碩 五資四甲  0  0  0  0  0  0  0  0  0  0  0
44 922506167 羅沛瑧 五資四甲  0  0 10  0  0 10 20  0  0  0  0
45 891506244 蘇孟捷 五資七乙  0 80 60 85 70 60 90 50 80 90 99
46 891506255 楊鈞泓 五資七乙  0  0  0  0  0  0 60  0  0  0  0
47 901506136 王宏恩 五資六甲  0 80 40  0 99 99 90 50 70 72 99
