id sid       name   a1 a2  a3 a4
01 931506101 ³¯¼y«Û 60  0  0
02 932506102 §õË¨µ× 85 80 80
03 932506103 ªò²QµX 80 80 60
04 931506104 ªL«B¥Í 50 80 60
05 932506105 ³¢«º§± 99 80 60
06 931506106 ³\¬°µq 90 80 90
07 932506108 ¼B¨Î©É 80 80 60
08 931506109 ³¢«Øºµ 80 80 60
09 931506111 ªL¼w½å 80 80 60
10 931506113 §õÅv®Ê 90 80 60
11 931506114 ªL¶§µ¾ 80 80 60
12 932506116 §õ¨ç®x  0 80 80
13 932506117 ÅU®eº_ 80 80 60
14 932506118 ³¯¬MÀM 90 80  0
15 932506119 ³°»y¬X 90 80 60
16 932506120 ¬ö¬ü¼ü  0 80 80
17 931506122 ³¯¨ÎÂ@ 80 80 60
18 931506123 ½²§Ó´Ü 80 80 80
19 931506124 ¼B¨Îºû 80  0  0
20 931506125 ¤ýÎë¿o 90 80 90
21 931506126 ¥jÂÔÞ³ 99 80 90
22 931506127 ¨ô«a§» 80 80 80
23 931506128 ¤ýºa©v 80 80 80
24 931506129 ­J©v    0 80 80
25 931506130 ¿½°¶§¡ 99 80 80
26 932506131 ¬ö¤D·ì 90 80 80
27 932506133 ¬x¨Ø·ì  0  0  0
28 931506134 »¯Îë²W 60  0  0
29 932506137 ÄY²ÐÞ· 80 80 90
30 932506138 ³¯©u·L 99 80 90
31 932506139 ªô¶®¬X 90 80 60
32 931506140 ¬ê«H¸q 99 80 90
33 931506141 ³¯«T¦ö 80  0  0
34 932506142 ¥Û´ð¹a 99 80 80
35 932506143 ¶À²bÞ± 99 80 80
36 931506152 «¸³Õ¤¯ 60  0 60
37 932506154 ¾GÄR´@ 90 80 60
38 921506108 §õ¨|©Ó 60 80 60
39 921506152 ³\¾_¬v 80 80 60
