      9月 2005
日 一 二 三 四 五 六
             1  2  3
 4  5  6  7  8  9 10
11 12 13 14 15 16 17 12-class start
18 19 20 21 22 23 24
25 26 27 28 29 30

     10月 2005
日 一 二 三 四 五 六
                   1
 2  3  4  5  6  7  8 03 quiz1
 9 10 11 12 13 14 15 10-off
16 17 18 19 20 21 22
23 24 25 26 27 28 29 24 quiz2
30 31
     11月 2005
日 一 二 三 四 五 六
       1  2  3  4  5 hw1
 6  7  8  9 10 11 12 07-mid term
13 14 15 16 17 18 19
20 21 22 23 24 25 26 21 quiz3
27 28 29 30

     12月 2005
日 一 二 三 四 五 六
             1  2  3
 4  5  6  7  8  9 10
11 12 13 14 15 16 17
18 19 20 21 22 23 24 19 quiz4
25 26 27 28 29 30 31

      1月 2006
日 一 二 三 四 五 六
 1  2  3  4  5  6  7 hw2
 8  9 10 11 12 13 14 09-final term
15 16 17 18 19 20 21
22 23 24 25 26 27 28
29 30 31
