各項成績說明 h:作業, q:小考, m期中考, f期末考, o缺席, mh期中寄回家成績
nu sid       name   class    h1 q1 q2 q3 h2 m  q4 o  h3 q5 mh f
1  932206101 周鈺媚 二資二甲 99  0 25 50 65 50 40 7  49  0 48 40
2  932206102 陳淯渝 二資二甲 99  0 30 30 65 50 65 3   0 30 46 40
3  931206103 張家豪 二資二甲 99  0  0  0 70  5  5 8   0  0 29  0
4  931206104 董皓伸 二資二甲 99 30 10 10 70 30 85 4  70 55 42 70
5  931206105 蔡明峰 二資二甲 99  0 20 20 70 30 25 5   0 20 40 45
6  931206107 程譯民 二資二甲 99  0  0  0 70  0 25 5   0 25 28 25
7  932206109 陳宜均 二資二甲 99  0  0  0  0  0  0 9  63  0 17 25
8  932206110 陳玉嬌 二資二甲 99  0  0  0 65 50 35 12 70 20 36 30
9  932206111 詹雅如 二資二甲 99  0 25 25 70 45 10 4   0  0 44 10
10 931206116 王瑜揚 二資二甲 99  0  0  5 70 60 50 9   0  0 39 20
11 932206118 蔡宛容 二資二甲 99  0  0  0 65  0  0 6  80  0 27  0
12 931206119 張育豪 二資二甲 99  0  0  0 70  0  0 9   0  0 28  0 off
14 932206121 顏秀珊 二資二甲 99  0  0  0 80 25 35 2  75  0 34  0
15 932206122 蕭燕君 二資二甲 99 50 55 55 70 50 60 1  75 45 63 75
16 931206124 陳韋佑 二資二甲 99  0  0  0 70  0  0 6   0  0 28  0
17 931206127 洪松茂 二資二甲 99  0 25  0 70  0 75 4  85  0 32 25
18 932206129 陳秀如 二資二甲 99  0  0 10 75  0 35 2  70 20 31 25
19 931206130 黃瑞益 二資二甲 99  0  0  0  0  0  0 9   0  5 17  0 off
20 931206131 蔡旻宏 二資二甲 99  0  0  0 70  0  0 8   0 25 28  0 off
21 931206132 黃盟瑞 二資二甲 99  0  0  5 63  0 50 0  75 25 28 25
22 932206134 劉岳淇 二資二甲 99  0  0 10  0  0 25 0   0  0 18  0
23 931206136 陳政文 二資二甲 99  0  0 50  0 40 50 2  63 20 32 45
24 931206141 廖紹帆 二資二甲 99  0  0  0 70 25  0 5   0  0 32 25
25 931206142 王家祥 二資二甲 99  0  0 25 70  0 25 7  63  0 32  0
26 931206201 陳廷昌 二資二乙 99 10 50 75 85 80 99 5  80 55 67 75
27 931206203 林瑋振 二資二乙 99  0  0  0 75  0 45 8  75  5 29 55 
28 931206204 曹富証 二資二乙 99 70  0 30 70 40 60 3  70 20 52 30
29 931206207 何盈樟 二資二乙 99  0  0  0  0  5 35 5  63  0 17 25
30 931206209 沈竹偉 二資二乙 99  0  0 99 75 80 85 2  85 25 59 70
31 932206212 陳俐君 二資二乙  0  0  0  0  0  0  0 13  0  0  0 0 off
32 931206214 郭殷碩 二資二乙 99  0 25 85 65 50  0 10 75 25 54 70
33 931206215 楊智強 二資二乙 99  0 45 65 75  0 80 5  75 25 47 90
34 931206218 王俊吉 二資二乙 99 60  0  0 75 50 45 1  85 65 47 75
35 932206219 黃品薰 二資二乙 60  0  0  0  0  0  0 13  0  0 10  0 off
36 932206221 李麗玉 二資二乙 60  0  0  0  0  0  0 13  0  0 10  0 off
37 932206222 劉紅娟 二資二乙 60 25  0 10  0 25  0 13  0  0 20  0 off
38 932206223 黃鼎雅 二資二乙 99  0 40 45 80 25 45 3  80 25 48 50
39 932206225 陳佳妙 二資二乙 99  0  0 35 80  0  0 3  75  0 36  0
40 931206227 鄭舜仁 二資二乙 99  0  0 30 65  0  5 6   0  0 32  0 off
41 931206229 蔡易祐 二資二乙 99 20  0 55 70 25 85 5  75 35 45 80
42 931206232 謝璧星 二資二乙 99  0  0 10 80  0 30 0  80  0 32 20
