成績冊科目：資料結構(306203) 教師：馮治平(T01022)
id sid       name   q1 mi q2 fi
01 981306101 曾喆雅 50 50 68 s
02 981306102 林志龍 90 50 38
04 981306104 張原瑞 30 70 80
05 981306105 盧俊忠 10 20 48
06 981306106 洪金泰 10 40 23
07 981306107 杜祈澄 10 35 43
08 981306108 陳明和 10 40 43
09 982306109 陸怡君 10 60 23 s
10 981306110 簡士誠 10 30 23
11 981306111 簡志勳 70 85 73
12 982306112 馬安妮 30 40 36
13 982306113 卓靜如 80 80 87
14 982306114 簡筱真 10 40 23
15 981306115 王天駿 50 45 68
16 981306116 吳忠霖 10 45 33
17 982306117 溫桂菀 10 40 63
18 981306118 李秉勳  0 25 38
19 981306119 陳家德 10  0 23
20 981306121 胡智盛  0 20 28
21 982306122 吳靜怡 90 70 23
22 982306123 呂玥瑢 90 80 80
23 982306124 陶欣怡 45 90 73
24 981306125 許伯誠  0 75 23
25 982306126 徐瑋琳 50 80 33
26 981306127 黃士賓  0 80 33
27 981306128 洪鈺豐  0 55 60
28 981306130 鍾振祥 10 40 23
29 981306131 賴建良 50 40 58
30 981306132 曾家源 10 10 23 9/14 9/21 10/5 10/12
31 982306133 方懷英 10 40 53
32 981306134 楊昌國 10 40 33
33 981306135 顏士展  0 20 28 s
