說明 q:小考 n:筆記 h:作業 mi:期中考
id studen_id c_name ch_class q1 n1 h1 n2 q2 mi q3 n3 h2 q4 of fi
 1 951206101 劉泰麟 二資一甲 62  0 64  0 75 54 25 80 60  0  5
 2 951206102 潘亞辰 二資一甲 40 90 80 90 55 60 40 90 40  0  9
 3 951206103 郭志祥 二資一甲  0 80 64 60 35 33 35 85 60 28 10 
 4 951206104 李志建 二資一甲 36 90 70 90 35 43 13 85 50 31  8
 5 951206105 呂昶緻 二資一甲 38 90 70 90 15 13 15 80 48 24 10 
 6 952206106 陳姿雯 二資一甲 25 90 80 90 15 16  5 85 48 16  9
 7 952206107 呂敏慈 二資一甲 45 80 80 85  5 25  5 90 60 10 10 
 8 952206108 廖美蘭 二資一甲 30 85 80 60 30 48  5 80 48 12  9
 9 952206109 謝婉婷 二資一甲 55  0  0  0  0 41  0 80 68 13  6
10 951206110 盧建宏 二資一甲 45 80 80 80 40 21  5 40  0  5  9
11 951206111 溫塗城 二資一甲 20 80 70 80 15 33  5 80 48 18 10 
12 951206112 黃竹軒 二資一甲 45  0 70 80 40 36 15 70 60 20  9
13 951206113 江俞臻 二資一甲 16 70 64 70  0  3  5  0  0  0 10 
14 951206114 楊志誠 二資一甲 23 75 70 90  8 38 30 80 72 30 10 
15 951206115 詹士杰 二資一甲 43  0 65 80 30 31  5 85 75  8  7
16 951206116 劉承平 二資一甲 33 50 64 65 13  8  5 40 48 13 10 
17 951206117 伍家緯 二資一甲 45 80 70 90 50 52 60 75 60 53 10 
18 952206118 李安晴 二資一甲 18 80 48 80  0 26  5 80 56  5 10 
19 951206119 陳彥汶 二資一甲  3 40 40  0  0 13  5 80 80  5  8
20 952206120 簡君伊 二資一甲 26 90 48 85 10 46  0 80 56  0  6
21 951206121 翁嘉隆 二資一甲 15 75 48 80 10 10  0 85 48  0  5
22 952206122 胡雅君 二資一甲  0  0  0  0 30 26  0  0 60  0  5
23 951206123 莊伯雄 二資一甲 40  0 50 85 30 18  5  0 60 25  7
24 951206124 謝明富 二資一甲 35  0  0 50  5  0  0  0  0  0  5
25 951206125 劉曄宸 二資一甲 25 75 80 80 25 19  5 75 80 10 10 
26 951206126 黃立仁 二資一甲 35 90 70 90  5 28 15 80 70 10  9
27 951206127 沈呈泰 二資一甲 23 40 64 80 30 25  5 80  0  5 10 
28 952206128 陳玉芬 二資一甲 28 90 65 90  0  7 23 90 54 20 10 
29 951206129 鄭亦翔 二資一甲 10 90 80 85 15 12  5 70  0  0 10 
30 952206130 林紋鳳 二資一甲 30 85 80 80  5 22 13 80 56  5 10 
31 952206131 林岳靜 二資一甲  5 80 64 80  0 15  5  0 48  0  7
32 952206132 黃于萍 二資一甲  8  0 70 90  5  7  0 90 85  5 10 
33 951206133 李宜璋 二資一甲 15  0 80 65  0 15  0  0  0  0  5
34 951206134 羅志杰 二資一甲 45 70 80 85 20 68 25 75 72 60 10 
35 931206224 于明倫 二資延乙 65 80  0 80 35 35  5  0  0 16  6
36 931206230 黃培勛 二資延乙 55 80 70  0  0  0  0  0  0 25  5
