id 506403    name    h  h  h  s  m  0
01 981506101 何政嶔  0  0  0  0 30  6
02 982506102 柯佳    0  0  0  0 40  8
03 981506103 吳孟昱 80 80 90 80 40 74
04 982506104 羅佩渝  0  0  0  0 20  4 xxxx
05 981506107 林士然  0  0  0  0 10  2
06 981506108 袁睿宏 80  0 50 80 60 54
07 981506109 鍾尚霖 80  0  0 80 20 36
08 981506110 黃致維  0  0  0 80  0 16
09 982506111 顏佳葳 80 80 90 80 50 76
10 981506112 簡正燿 80 80 50 80 65 71
11 981506116 蔡忠豪 ------------ 0
12 982506117 張慧敏  0  0  0  0 30  6
13 981506118 張中維 80  0 50 80 50 52
14 981506119 徐文豪 80 80 70 80 30 68
15 982506120 劉瑋婷 80 80 90 80 40 74
16 982506121 李宜樺 80 80 90 80 50 76
17 981506122 翁三   80 80 80 80 40 72
18 982506123 牟昱穎 80 80 90 80 50 76 clean
19 982506124 翁慧君 80 80 80 80 40 72 clean
20 981506125 李書賢  0  0  0  0 20  4
21 982506127 劉嘉玲 80 80 80 80 30 70
22 981506128 閻展智 ------------ 0 
23 981506129 陳家昌 80 80 90 80 99 86 clean
24 981506130 郭晉廷 80  0 50 80 20 46 clean
25 982506131 孫羽柔 80 80 90 80 80 82
26 982506132 鄭燕如 80 80 90 80 55 77
27 981506134 莊冠廷  0  0  0  0  0  0
28 982506151 陳玉慧  0  0  0  0 30  6
29 981506155 黃弘穎  0  0  0  0 30  6
30 981506156 伍晉杰  0  0  0  0 30  6
31 982506160 李雅文 ----------- 0
32 981506161 邱騰暉 ----------- 0
33 981506162 林卓凱 80 0 d 0  0 25 16
34 961506164 林琚原 ----------- 0
