23 961506124 陳逸倫 90
08 961506109 黃富祥 90
22 961506123 時崇維  0
07 962506108 蔡漫樺  0
18 962506119 江孟璇 80
25 961506126 呂昆翰 85
21 961506122 蔡侑霖 60
33 961506156 李易璇  0
17 962506118 薛佩倫 80
19 961506120 廖冠瑋 80 
01 961506101 郭志盛  0
05 961506106 李明豪  0
32 962506154 郭姿妤 80
02 962506102 簡瑜潔 70 
06 961506107 陳科維 90
12 961506113 康銘緣  0
14 961506115 廖家偉 90 
31 961506153 賴慶隆  0 80
16 962506117 龔靖童 80
24 961506125 黃哲輝 70
30 961506151 陳景揚 80 
11 961506112 李冠緯  0
09 961506110 謝廷暐 85
03 961506104 陳彥丞 80
20 961506121 黃進德 80
28 962506130 黃宥棋 80
26 962506127 林韻媚 80
29 961506131 曾彥博 80
04 961506105 盧政廷 80
27 962506129 吳美琴  0
10 961506111 李秉融 60 70
