3100 12 952506115 孫于棠 1
4300 11 951506114 黃嘉慶
2400 19 951506126 柯政君
2300 10 951506113 鍾國山

2500 22 951506131 李昆陽 2
2800 32 951506157 何耀仁
2700 30 951506153 陳志盛
2200 29 951506152 佘俊志
2100 33 951506158 郭聰智
3200 13 952506118 徐嘉容
3500 27 951506136 李育陞

3300 05 952506106 林佳慧 3
5900 17 952506123 吳懿庭
5300 01 951506101 張永郇
3400 23 952506132 蔡瑩萍
2600 20 951506127 梁益銘
4200 04 951506105 陳逸鴻
4700 09 951506112 王百慶

5600 15 951506121 郭宗瑋 4
6200 55 xxxxxxxxx 李展帆
4100 18 951506125 許維哲
5800 16 951506122 曾于哲
4600 21 951506129 洪禾宇
4800 25 951506134 邱奕翔
5100 14 951506120 向兆元

5400 06 951506109 陳柏升 5
5200 28 951506151 康中彥
5500 08 951506111 陳慶雄
4500 26 951506135 林良謙
4400 07 951506110 簡玉龍
5700 03 951506103 趙柏鈞
