id sid       name  b1 h1 b2 h2 mi av 
01 98x506z01 何z嶔
02 98x506z02 柯佳
03 98x506z03 吳z昱 99 90 99 40 63 78 60
04 98x506z04 羅z渝 99  0 99  0 0  39 30
05 98x506z07 林z然  0  0  0  0 0  0  10 no book
06 98x506z08 袁z宏  0  0  0 90 88 35 60
07 98x506z09 鍾z霖  0  0  0  0 0   0 60 
08 98x506z10 黃z維  0  0  0  0 0   0  0
09 98x506z11 顏z葳 99 90 99 90 88 93 60
10 98x506z12 簡z燿 99 90 99 90 99 95 50
11 98x506z16 蔡z豪
12 98x506z17 張z敏  0  0  0  0  0 0  60
13 98x506z18 張z維 99  0 99 40 88 65 60
14 98x506z19 徐z豪  0 90 99 40 50 55 60
15 98x506z20 劉z婷 99 90 99 90 38 83 80
16 98x506z21 李z樺  0 90 99 90 38 63 80
17 98x506z22 翁z峯 99 90 99 90 90 93 80
18 98x506z23 牟z穎 99 90 99 90 99 95 80
19 98x506z24 翁z君  0 90 99 90 88 73 80
20 98x506z25 李z賢  0  0  0  0  0 0  10
21 98x506z27 劉z玲  0 90 99 90 10 57 60
22 98x506z28 閻z智
23 98x506z29 陳z昌 99 90 99 90 75 90 80
24 98x506z30 郭z廷  0  0  0  0 38 7  10
25 98x506z31 孫z柔 99 90 99 90 99 95 80
26 98x506z32 鄭z如 99 90 99 90 88 93 80
27 xxxxxxx33 杜z慶
28 98x506z34 莊z廷  0  0  0  0  0 0  60
29 xxxxxxx50 呂z祐
30 98x506z51 陳z慧  0  0  0 60  0 12 60
31 98x506z52 陳z佑 99 60  0 40 25 44 80
32 98x506z55 黃z穎 99  0  0  0  0 19 60
33 98x506z56 伍z杰
34 xxxxxxx64 林z原
35 xxxxxxx61 邱z暉
