dx sid       name   class    cd q1 q2 ak h1  m q3 q4 ak h2 final
01 931506101 陳慶彥 五資二甲 99 30 20 50 54  0  0  0 50  0 
02 932506102 李邡菁 五資二甲 99 30 20 99 90 30 20 50 50 60
03 932506103 邵淑琪 五資二甲 99 30 70 50 83 20 20 30 60 60
04 931506104 林雨生 五資二甲 99  0  0 50  0  0  0  0 50  0 
05 932506105 郭姿妤 五資二甲 99 30 70 99 81 60 60  0 75 75 
06 931506106 許為皓 五資二甲 99 50 99 99 80 70 60 50 90 80
07 932506108 劉佳怡 五資二甲 99  0 60 99 80 70 60  0 70 65
08 931506109 郭建熊 五資二甲 99 30 20 50 80  0  0  0 99  0
09 931506111 林德賢 五資二甲 99  0 20  0  0  0  0  0 99  0
10 931506113 李權晉 五資二甲 99 99 99 50 80 30  0  0 50 60
11 931506114 林陽翔 五資二甲 99 30 70 99  0 60  0 10 50  0
12 932506116 李函庭 五資二甲 99  0  0  0  0  0  0  0 99  0
13 932506117 顧容榕 五資二甲 99 30  0 50  0  0  0  0 99 70
14 932506118 陳映霖 五資二甲 99 30 20 99 54  0 60 30 50  0
15 932506119 陸語柔 五資二甲 99 99 80 99 95 99 99 70 90 90
16 932506120 紀美瑩 五資二甲 99 30 20 99  0  0  0  0 60  0
17 931506121 鍾志朋 五資二甲 99  0  0 50  0  0  0  0 50  0
18 931506122 陳佳駿 五資二甲 99 30 70 50 90 40 70 99 80 60
19 931506123 蔡志欽 五資二甲 99 40 70 99 60 30 70 30 60 60
20 931506124 劉佳維 五資二甲 99 70 70 99 54 60 60 30 65  0
21 931506125 王昶穎 五資二甲 99 99 80 50 92 50  0 30 75 70
22 931506126 古謹瑋 五資二甲 99 30 80 99 80 10 60 99 90 65
23 931506127 卓冠宏 五資二甲 99 30 70 99 60 50 60 10 50 60
24 931506128 王榮宗 五資二甲 99 30 99 99 80 60  0 40 80 70
25 931506129 胡宗民 五資二甲 99 70 80 99 60 40 80 99 90 60
26 931506130 蕭偉均 五資二甲 99 70  0 50 90 40 60 30 90 80
27 932506131 紀乃瑜 五資二甲 99 30 70 99 85 30 60 30 80 65
28 932506132 吳紹華 五資二甲 99  0  0 50  0  0  0  0 50  0
29 932506133 洪佩瑜 五資二甲 99 30  0 99  0  0  0  0  0  0
30 931506134 趙昶淵 五資二甲 99 30 20 99 80 20  0 30 50 70
31 932506137 嚴紹瑀 五資二甲 99 30 70 50 60 30 99 10 80 70
32 932506138 陳季微 五資二甲 99 99 99 99 90 20 99 30 60 70
33 932506139 邱雅柔 五資二甲 99 30 70 50  0 90  0 70 60  0 
34 931506140 禹信義 五資二甲 99 99 80 99 54 99 60 70 90  0 
35 931506141 陳俊佑 五資二甲  0  0  0 60  0  0  0  0 60  0 缺考
36 932506142 石湘鈴 五資二甲 99 99  0  0  0  0  0 20 70 65
37 932506143 黃淨瑄 五資二甲 99  0 70 99 90 80 60 30 90 70
38 931506152 姜博仁 五資二甲 99  0  0 50  0  0  0  0  0  0
39 921506108 李育承 五資二甲 99  0 22 50  0  0  0  0 50  0
40 921506152 許震洋 五資二甲 99  0  0  0  0  0  0  0 50  0 缺考
41 891506244 蘇孟捷 五資六乙 99 99 99 99 90 99 80 70 80 70
43 891506171 陳晉彥 五資六甲 99 99 99 99 81 50 80 90 60  0
44 901506119 黃友侖 五資五甲 60 65 50  0  0 30  0  0  0  0 缺考
