      9月 2003
日 一 二 三 四 五 六
    1  2  3  4  5  6
 7  8  9 10 11 12 13 9/12 開學
14 15 16 17 18 19 20 
21 22 23 24 25 26 27
28 29 30

     10月 2003
日 一 二 三 四 五 六
          1  2  3  4
 5  6  7  8  9 10 11 10/06 hw1
12 13 14 15 16 17 18
19 20 21 22 23 24 25 10/20 hw2
26 27 28 29 30 31    10/27-31 Quiz1

     11月 2003
日 一 二 三 四 五 六
                   1
 2  3  4  5  6  7  8 11/3-11/7 期中考週
 9 10 11 12 13 14 15
16 17 18 19 20 21 22
23 24 25 26 27 28 29
30
     12月 2003
日 一 二 三 四 五 六
    1  2  3  4  5  6
 7  8  9 10 11 12 13 
14 15 16 17 18 19 20
21 22 23 24 25 26 27 12/25 Quiz2
28 29 30 31          

      1月 2004
日 一 二 三 四 五 六
             1  2  3
 4  5  6  7  8  9 10 1/5 Final, 1/8 hw4 due
11 12 13 14 15 16 17
18 19 20 21 22 23 24
25 26 27 28 29 30 31
