      2月 2011
日 一 二 三 四 五 六 
       1  2  3  4  5
 6  7  8  9 10 11 12
13 14 15 16 17 18 19
20 21 22 23 24 25 26 ==>開學
27 28 ==> 28(一)假

      3月 2011
日 一 二 三 四 五 六 
       1  2  3  4  5
 6  7  8  9 10 11 12
13 14 15 16 17 18 19
20 21 22 23 24 25 26
27 28 29 30 31 ==>小考一

      4月 2011
日 一 二 三 四 五 六 
                1  2
 3  4  5  6  7  8  9 ==>5(二)假
10 11 12 13 14 15 16
17 18 19 20 21 22 23 ==>期中考週
24 25 26 27 28 29 30

      5月 2011
日 一 二 三 四 五 六 
 1  2  3  4  5  6  7
 8  9 10 11 12 13 14
15 16 17 18 19 20 21 ==>小考二
22 23 24 25 26 27 28 ==>畢業班期末考
29 30 31

      6月 2011
日 一 二 三 四 五 六 
          1  2  3  4
 5  6  7  8  9 10 11
12 13 14 15 16 17 18
19 20 21 22 23 24 25 ==>期末考週
26 27 28 29 30 ==> 27,28延長週

      7月 2011
日 一 二 三 四 五 六 
                1  2
 3  4  5  6  7  8  9
10 11 12 13 14 15 16
17 18 19 20 21 22 23
24 25 26 27 28 29 30
31
