     March 2018
Su Mo Tu We Th Fr Sa
             1  2  3
 4 _5  6  7  8  9 10 06 08
11 12 13 14 15 16 17 13 15
18 19 20 21 22 23 24 20 22
25 26 27 28 29 30 31 27 29

     April 2018
Su Mo Tu We Th Fr Sa
 1  2  3  4  5  6  7 03 xx
 8  9 10 11 12 13 14 10 12
15 16 17 18 19 20 21 17 19
22 23 24 25 26 27 28 24 26
29 30

      May 2018
Su Mo Tu We Th Fr Sa
       1  2  3  4  5 xx 03
 6  7  8  9 10 11 12 08 10
13 14 15 16 17 18 19 15 17
20 21 22 23 24 25 26 22 24
27 28 29 30 31       29 31

     June 2018
Su Mo Tu We Th Fr Sa
                1  2
 3  4  5  6  7  8  9 05 07
10 11 12 13 14 15 16 12 14
17 18 19 20 21 22 23 19 21
24 25 26 27 28 29 30
