    October 2019      
Su Mo Tu We Th Fr Sa  
       1  2  3  4  5  
 6  7  8  9 10 11 12 w1-8
13 14 15 16 17 18 19 w2-15
20 21 22 23 24 25 26 w3-22
27 28 29 30 31       w4-29
                      
   November 2019      
Su Mo Tu We Th Fr Sa  
                1  2  
 3  4  5  6  7  8  9 w5-5-q1
10 11 12 13 14 15 16 w6-12
17 18 19 20 21 22 23 w7-19
24 25 26 27 28 29 30 w8-26
                      
   December 2019      
Su Mo Tu We Th Fr Sa  
 1  2  3  4  5  6  7 w9-3-q2 
 8  9 10 11 12 13 14 wa-10
15 16 17 18 19 20 21 wb-17
22 23 24 25 26 27 28 xx
29 30 31              
                      
    January 2020      
Su Mo Tu We Th Fr Sa  
          1  2  3  4 xx
 5  6  7  8  9 10 11 xx
12 13 14 15 16 17 18 f-13,14
19 20 21 22 23 24 25  
26 27 28 29 30 31     
                      
