   September 2018     
Su Mo Tu We Th Fr Sa  
                   1  
 2  3  4  5  6  7  8  
 9 10 11 12 13 14 15 
16 17 18 19 20 21 22 --
23 24 25 26 27 28 29 25
30                    
    October 2018      
Su Mo Tu We Th Fr Sa  
    1  2  3  4  5  6 -- --
 7  8  9 10 11 12 13  9
14 15 16 17 18 19 20 16
21 22 23 24 25 26 27 23
28 29 30 31          30
                      
   November 2018      
Su Mo Tu We Th Fr Sa  
             1  2  3 
 4  5  6  7  8  9 10  6
11 12 13 14 15 16 17 13
18 19 20 21 22 23 24 20
25 26 27 28 29 30    27
                      
   December 2018      
Su Mo Tu We Th Fr Sa  
                   1  
 2  3  4  5  6  7  8  4
 9 10 11 12 13 14 15 11-last
16 17 18 19 20 21 22
23 24 25 26 27 28 29 25-final
30 31                 
    January 2019      
Su Mo Tu We Th Fr Sa  
       1  2  3  4  5 
 6  7  8  9 10 11 12
13 14 15 16 17 18 19
20 21 22 23 24 25 26
