   September 2018     
Su Mo Tu We Th Fr Sa  
                   1  
 2  3  4  5  6  7  8  
 9 10 11 12 13 14 15 10 13 
16 17 18 19 20 21 22 17 20
23 24 25 26 27 28 29 -- 27 (25 moon festival)
30                    
    October 2018      
Su Mo Tu We Th Fr Sa  
    1  2  3  4  5  6 -- --
 7  8  9 10 11 12 13 -- 11
14 15 16 17 18 19 20 15 18
21 22 23 24 25 26 27 22 25
28 29 30 31          29 --
                      
   November 2018      
Su Mo Tu We Th Fr Sa  
             1  2  3 --  1
 4  5  6  7  8  9 10  5  8
11 12 13 14 15 16 17 12 15
18 19 20 21 22 23 24 19 22
25 26 27 28 29 30    26 29
                      
   December 2018      
Su Mo Tu We Th Fr Sa  
                   1  
 2  3  4  5  6  7  8  3  6
 9 10 11 12 13 14 15 10 13
16 17 18 19 20 21 22 17 20
23 24 25 26 27 28 29 24 27
30 31                 
    January 2019      
Su Mo Tu We Th Fr Sa  
       1  2  3  4  5 --  3
 6  7  8  9 10 11 12  7 10
13 14 15 16 17 18 19 14 xx
20 21 22 23 24 25 26 21-25 school final 
