   February 2019      
Su Mo Tu We Th Fr Sa  
                1  2  
 3  4  5  6  7  8  9  
10 11 12 13 14 15 16  
17 18 19 20 21 22 23  
24 25 26 27 28       w1-02/16
                      
     March 2019       
Su Mo Tu We Th Fr Sa  
                1  2  
 3  4  5  6  7  8  9 w2-03/05 
10 11 12 13 14 15 16 w3-03/12 
17 18 19 20 21 22 23 w4-03/19
24 25 26 27 28 29 30 w5-03/26  
31                    
     April 2019       
Su Mo Tu We Th Fr Sa  
    1  2  3  4  5  6 w6-04/02
 7  8  9 10 11 12 13 w7-04/09
14 15 16 17 18 19 20 w8-04/16 
21 22 23 24 25 26 27 w9-04/23 
28 29 30             ---04/30
                      
      May 2019        
Su Mo Tu We Th Fr Sa  
          1  2  3  4 
 5  6  7  8  9 10 11 --- 05/07
12 13 14 15 16 17 18 w10-05/14 q1
19 20 21 22 23 24 25 w11-05/21 q
26 27 28 29 30 31    w12-05/28 q
                      
     June 2019        
Su Mo Tu We Th Fr Sa  
                   1  
 2  3  4  5  6  7  8 w13-06/04 q
 9 10 11 12 13 14 15 w14-06/11 q --
16 17 18 19 20 21 22 w15-06/18 q2
23 24 25 26 27 28 29 w16-06/25 
30 
