    October 2019      
Su Mo Tu We Th Fr Sa  
       1  2  3  4  5  
 6  7  8  9 10 11 12 w1-10
13 14 15 16 17 18 19 w2-17
20 21 22 23 24 25 26 w3-24
27 28 29 30 31       w4-31
                      
   November 2019      
Su Mo Tu We Th Fr Sa  
                1  2  
 3  4  5  6  7  8  9 w5-7-q1
10 11 12 13 14 15 16 w6-14
17 18 19 20 21 22 23 w7-21
24 25 26 27 28 29 30 w8-28
                      
   December 2019      
Su Mo Tu We Th Fr Sa  
 1  2  3  4  5  6  7 w9-5-q2 
 8  9 10 11 12 13 14 wa-12
15 16 17 18 19 20 21 wb-19
22 23 24 25 26 27 28 xx
29 30 31              
                      
    January 2020      
Su Mo Tu We Th Fr Sa  
          1  2  3  4 xx
 5  6  7  8  9 10 11 xx
12 13 14 15 16 17 18 f-13,14
19 20 21 22 23 24 25  
26 27 28 29 30 31     
                      
