   September 2020     
Su Mo Tu We Th Fr Sa  
       1  2  3  4  5  
 6  7  8  9 10 11 12 
13 14 15 16 17 18 19
20 21 22 23 24 25 26 22 23 w1
27 28 29 30          29 30 w2 
                      
    October 2020      
Su Mo Tu We Th Fr Sa  
             1  2  3  
 4  5  6  7  8  9 10  
11 12 13 14 15 16 17 13 15 w4
18 19 20 21 22 23 24 20 22 w5
25 26 27 28 29 30 31 27 29 w6
                      
   November 2020      
Su Mo Tu We Th Fr Sa  
 1  2  3  4  5  6  7  3  5 w7
 8  9 10 11 12 13 14 10 12 w8
15 16 17 18 19 20 21 17 19 w9
22 23 24 25 26 27 28 24 26 w0
29 30                 
                      
   December 2020      
Su Mo Tu We Th Fr Sa  
       1  2  3  4  5  1  3 w1
 6  7  8  9 10 11 12  8 10 w2
13 14 15 16 17 18 19 15 17 w3
20 21 22 23 24 25 26 22 24 w4
27 28 29 30 31       29 31 w5
                      
    January 2021      
Su Mo Tu We Th Fr Sa  
                1  2  
 3  4  5  6  7  8  9  
10 11 12 13 14 15 16  
17 18 19 20 21 22 23  
24 25 26 27 28 29 30  
31                    
