   September 2020     
Su Mo Tu We Th Fr Sa  
       1  2  3  4  5  
 6  7  8  9 10 11 12
13 14 15 16 17 18 19
20 21 22 23 24 25 26 22 23 w1
27 28 29 30          29 30 w2  
                      
    October 2020      
Su Mo Tu We Th Fr Sa  
             1  2  3  
 4  5  6  7  8  9 10  
11 12 13 14 15 16 17 12 13 w4
18 19 20 21 22 23 24 19 20 w5
25 26 27 28 29 30 31 26 27 w6
                      
   November 2020      
Su Mo Tu We Th Fr Sa  
 1  2  3  4  5  6  7  2  3 w7
 8  9 10 11 12 13 14  9 10 w8
15 16 17 18 19 20 21 16 17 w9
22 23 24 25 26 27 28 23 24 w0
29 30                30 
                      
   December 2020      
Su Mo Tu We Th Fr Sa  
       1  2  3  4  5  1    w1
 6  7  8  9 10 11 12  7  8 w2
13 14 15 16 17 18 19 14 15 w3
20 21 22 23 24 25 26 21 22 w4
27 28 29 30 31       28 29 w5
                      
    January 2021      
Su Mo Tu We Th Fr Sa  
                1  2  
 3  4  5  6  7  8  9  
10 11 12 13 14 15 16  
17 18 19 20 21 22 23  
24 25 26 27 28 29 30  
31                    
