   February 2023      
Su Mo Tu We Th Fr Sa  
          1  2  3  4  
 5  6  7  8  9 10 11  
12 13 14 15 16 17 18  w1
19 20 21 22 23 24 25  w2
26 27 28              off

     March 2023       
Su Mo Tu We Th Fr Sa  
          1  2  3  4  
 5  6  7  8  9 10 11  w4
12 13 14 15 16 17 18  w5
19 20 21 22 23 24 25  w6
26 27 28 29 30 31     w7

     April 2023       
Su Mo Tu We Th Fr Sa  
                   1  
 2  3  4  5  6  7  8  w8
 9 10 11 12 13 14 15  mid
16 17 18 19 20 21 22  w10
23 24 25 26 27 28 29  w11
30                    

      May 2023        
Su Mo Tu We Th Fr Sa  
    1  2  3  4  5  6  w12
 7  8  9 10 11 12 13  w13
14 15 16 17 18 19 20  w14
21 22 23 24 25 26 27  w15
28 29 30 31           w16
                      
     June 2023        
Su Mo Tu We Th Fr Sa  
             1  2  3  
 4  5  6  7  8  9 10  w17
11 12 13 14 15 16 17  final
18 19 20 21 22 23 24  
25 26 27 28 29 30     
                      
