sid icve37o42
181205023201
181205023202
181205023204 *-
181205023205
181205023206
181205023207
181205023208
181205023209
181205023210
181205023211
181205023212
181205023213
181205023214 **
181205023215
181205023216
181205023217 *-
181205023218
181205023219
181205023221
181205023222
181205023223
181205023224
181205023225
181205023226
181205023227
181205023228
181205023229 *-
181205023230
181205023231
181205023233
181205023234
181205023235
181205023236
181205023237
181205023238
181205023240
181205023241
181205023242
181205023243
181205023244 *-
181205023245
181205023246
