sid          gr h1 h2 h3 h4 h5 q o c name sn
181205023121  1 99 99 99 99 95 a 0 - 郑勇 3121
-81205023140  1 99 99 99 95 91 a 0 - 饶连娟 3140
181205023131  2 99 80 99 93 95 a 1 v 陈孙慧 3131
181205023143  2 99 80 90 93 99 a 0 - 洪集群 3143
181205023112  3 99 80 90 93 95 c 1 - 苏亚祥 3112
181205023141  3 99 80 90 99 95 c 0 - 张俊文 3141
-81205023102  4 99 80 80 83 80 c 3 - 彭钻金 3102
*81205023129  4 99 80 99 83 80 c 1 - 王志强 3129
181205023124  5 99 99 99 83 78 a 0 - 林永杰 3124
181205023139  5 99 99 99 83 78 a 0 - 张新翔 3139
*81205023110  6 99 99 90 83 73 b 1 v 许进鸿 3110
*81205023138  6 99 99 99 90 68 b 0 v 毛建杰 3138
181205023134  7 99 99 99 93  0 c 2 - 朱建宇 3134
181205023135  7 99 99 99 88  0 c 3 - 许用辉 3135
181205023115  8 99 99 99 95 95 a 0 - 吕汉祝 3114
181205023116  8 99 99 99 83 78 a 1 - 白嘉永 3116
-81205023101  9 99 99 99 99 92 b 0 - 黄文昭 3101
181205023144  9 99 99 99 93 91 b 1 - 温美香 3144
181205023104 10 99 99 99 93 90 b 0 v 吴琳鹃 3104
181205023111 10 99 99 99 99 90 b 0 v 詹思杨 3111
181205023114 11 99 80 70 83 82 c 1 - 周家转 3114
181205023125 11 99 80 70 83 82 c 0 - 吴奇水 3125
181205023105 12 99 99 70 83 78 c 2 - 杨明聪 3105
181205023106 12 99 99 70 83  0 c 2 - 黄晓明 3106
181205023109 13 99 99 99 90  0 a 3 - 张志培 3109
181205023117 13 99 99 99  0  0 a 3 - 陈祥祺 3117
181205023113 14 99 85 99 93 90 b 0 - 钟莉嫱 3113
181205023122 14 99 85 99 93 90 b 1 v 张鸿彬 3122
181205023120 15 99 99 99 95 81 a 1 - 陈福赐 3120
181205023123 15 99 99 99 95 99 a 0 v 黄天銮 3123
181205023118 16 99 80 80 83 73 c 1 v 纪杜鸿 3118
181205023142 16 99 80 80 83 73 c 3 - 朱致杨 3142
181205023130 17 99 99 99 93 80 a 2 - 王嘉鹏 3130
181205023136 17 99 99 99 99 99 a 0 - 林承哲 3136
181205023126 18 99 99 99 93 92 b 0 - 林煌   3126
181205023132 18 99 99 99 88 90 b 0 - 李煜城 3132
181205023107 19 99 99 99 - 93 92 a 1 - 赖智南 3107
181205023128 19 99 99 99 v 95 95 a 0 - 刘晓杰 3128
181205023103 20 99 99 90 v 93 87 b 1 - 黄彬煌 3103
181205023127 20 99 99 90 v 93 87 b 1 - 朱鸿镕 3127
181205023137 20 99 99 90 v 93 87 b 2 - 姜欣莹 3137
