sid icve38o41
181205023101
181205023102
181205023103
181205023104
181205023105
181205023106
181205023107
181205023109 *
181205023110
181205023111
181205023112
181205023113
181205023114
181205023115
181205023116
181205023117
181205023118
181205023120
181205023121
181205023122
181205023123
181205023124
181205023125
181205023126
181205023127
181205023128
181205023129
181205023130
181205023131
181205023132
181205023134
181205023135 *
181205023136
181205023137 **
181205023138
181205023139
181205023140
181205023141
181205023142
181205023143
181205023144
