20121009 70.00 20121126 77.90 hit   1
20121101 68.00 20121123 74.90 hit   0
20121203 77.60 20130315 89.30 hit   3
20130102 79.70 20130315 89.30 hit   2
20130201 75.60 20130313 85.00 hit   1
20130301 77.60 20130315 89.30 hit   0
20130401 91.50 20130419 102.00 hit   0
20130502 107.00 20130513 118.00 hit   0
20130603 106.00 20130702 118.00 hit   1
20130701 116.50 20130729 130.50 hit   0
20130801 152.00 20150415 167.50 hit  20
20130902 132.50 20131125 149.00 hit   2
20131001 134.00 20131125 149.00 hit   1
20131101 140.50 20131206 156.00 hit   1
20131202 151.50 20150415 167.50 hit  16
20140102 148.00 20150415 167.50 hit  15
20140205 134.00 20140703 149.00 hit   5
20140303 132.50 20140703 149.00 hit   4
20140401 137.50 20150407 154.00 hit  12
20140502 135.00 20140703 149.00 hit   2
20140603 132.00 20140703 149.00 hit   1
20140701 143.50 20150410 159.00 hit   9
20140801 144.00 20150410 159.00 hit   8
20140901 131.50 20150402 147.50 hit   7
20141001 129.00 20150402 147.50 hit   6
20141103 128.00 20150402 147.50 hit   5
20141201 128.50 20150402 147.50 hit   4
20150105 126.50 20150402 147.50 hit   3
20150202 129.00 20150402 147.50 hit   2
20150302 130.00 20150402 147.50 hit   1
20150401 138.00 20150407 154.00 hit   0
20150504 167.50 20150529 189.00 hit   0
20150601 194.00 20150713 220.50 hit   1
20150701 195.50 20150713 220.50 hit   0
20150803 199.00 20160825 220.00 hit  12
20150901 164.50 20150918 181.00 hit   0
20151001 170.00 20151007 192.50 hit   0
20151102 182.50 20151125 204.50 hit   0
20151201 208.50 20160830 231.50 hit   8
20160104 180.00 20160419 207.50 hit   3
20160201 184.50 20160419 207.50 hit   2
20160301 187.50 20160419 207.50 hit   1
20160401 183.00 20160419 207.50 hit   0
20160503 200.00 20160826 229.00 hit   3
20160601 204.00 20160826 229.00 hit   2
20160701 211.00 20160831 238.00 hit   1
20160801 215.00 20160831 238.00 hit   0
20160901 246.50 20161007 276.00 hit   1
20161003, 257.5, MISS
20161101, 263.5, MISS
20161201 240.00 20180410 265.00 hit  16
20170103 168.50 20170217 192.50 hit   1
20170202 172.00 20170217 192.50 hit   0
20170301 202.50 20180307 229.00 hit  12
20170405 195.50 20180103 216.50 hit   9
20170502 194.00 20180103 216.50 hit   8
20170601 188.50 20171205 208.00 hit   6
20170703 203.50 20180307 229.00 hit   8
20170801 192.00 20171207 211.50 hit   4
20170901 183.00 20171204 207.00 hit   3
20171002 181.00 20171204 207.00 hit   2
20171101 174.00 20171124 195.00 hit   0
20171201 197.50 20180104 219.00 hit   1
20180102 212.50 20180308 235.00 hit   2
20180201 208.00 20180307 229.00 hit   1
20180301 218.00 20180312 240.50 hit   0
20180402, 248.5, MISS
20180502, 248.5, MISS
20180601, 244, MISS
20180702, 234, MISS
20180801, 238.5, MISS
20180903 206.00 20200306 228.00 hit  18
20181001, 214.5, MISS
20181101 196.00 20190429 216.00 hit   5
20181203 202.00 20200303 222.50 hit  15
20190102 186.00 20190115 208.00 hit   0
20190211, 207.5, MISS
20190304, 210, MISS
20190401 199.50 20190514 219.50 hit   1
20190502, 212, MISS
20190603, 217, MISS
20190701 203.50 20200306 228.00 hit   8
20190801 192.50 20200220 214.00 hit   6
20190902 194.50 20200220 214.00 hit   5
20191001 186.00 20200219 205.00 hit   4
20191101 187.50 20200220 214.00 hit   3
20191202 191.50 20200220 214.00 hit   2
20200102 194.50 20200220 214.00 hit   1
20200203 189.50 20200220 214.00 hit   0
20200302, 219, MISS
20200401, 193, MISS
20200504, 196, MISS
20200601, 193.5, MISS
20200701, 190, MISS
20200803, 186, MISS
20200901, 180, MISS
20201005 171.00 20230308 189.00 hit  29
20201102 164.50 20201130 181.00 hit   0
20201201, 176.5, MISS
20210104, 181, MISS
20210201 171.50 20230308 189.00 hit  25
20210302, 179.5, MISS
20210401, 181.5, MISS
20210503, 175, MISS
20210601 171.50 20230308 189.00 hit  21
20210701 172.00 20230309 189.50 hit  20
20210802 168.50 20230302 186.00 hit  19
20210901 164.00 20230223 180.50 hit  17
20211001 159.50 20230207 176.00 hit  16
20211101 161.50 20230222 178.00 hit  15
20211201 162.50 20230223 180.50 hit  14
20220103 160.50 20230222 178.00 hit  13
20220207 154.50 20230131 172.50 hit  11
20220301 151.50 20221230 168.00 hit   9
20220401 145.50 20221206 161.00 hit   8
20220503 143.50 20221206 161.00 hit   7
20220601 142.00 20221205 157.00 hit   6
20220701 131.00 20220830 145.50 hit   1
20220801 132.00 20220830 145.50 hit   0
20220901 145.00 20221206 161.00 hit   3
20221003 133.50 20221202 152.00 hit   2
20221101 122.50 20221128 135.50 hit   0
20221201 143.50 20221206 161.00 hit   0
20230103 168.00 20230302 186.00 hit   2
20230201, 174, MISS
20230301, 184.5, MISS
20230406, 178, MISS
20230502, 182.5, MISS
20230601, 176, MISS
20230703, 169, MISS
20230801, 180, MISS
20230901, 154.5, MISS
20231002, 158, MISS
hit records sorting
 29  1
 25  1
buy=133 and MISS=33 
total earn= 1,892,200 per month=14227.0676691729
still at hand= 6,603,000
