20121009 36.70 20130204 40.45 hit   4
20121101 36.60 20130204 40.45 hit   3
20121203 38.00 20130923 41.90 hit   9
20130102 39.00 20130927 43.00 hit   8
20130201 40.05 20131127 45.00 hit   9
20130301 38.85 20130927 43.00 hit   6
20130401 37.55 20130923 41.90 hit   5
20130502 38.50 20130927 43.00 hit   4
20130603 38.40 20130927 43.00 hit   3
20130701 37.00 20130916 41.15 hit   2
20130801 37.00 20130916 41.15 hit   1
20130902 39.45 20131008 43.60 hit   1
20131001 41.70 20131128 46.00 hit   1
20131101 42.40 20131129 46.85 hit   0
20131202 46.35 20210420 52.00 hit  88
20140102 45.40 20210419 50.40 hit  87
20140205 42.60 20140221 46.95 hit   0
20140303 47.65 20210421 55.70 hit  85
20140401 47.80 20210421 55.70 hit  84
20140502 47.45 20210421 55.70 hit  83
20140603 44.35 20140822 49.55 hit   2
20140701 46.20 20210420 52.00 hit  81
20140801 44.45 20140822 49.55 hit   0
20140901 48.50 20210421 55.70 hit  79
20141001 44.80 20210419 50.40 hit  78
20141103 46.80 20210420 52.00 hit  77
20141201 45.20 20210419 50.40 hit  76
20150105 43.00 20210415 47.90 hit  75
20150202 42.75 20200806 47.15 hit  66
20150302 42.65 20200806 47.15 hit  65
20150401 43.55 20210416 49.00 hit  72
20150504 43.40 20210415 47.90 hit  71
20150601 41.10 20180516 45.90 hit  35
20150701 40.00 20180516 45.90 hit  34
20150803 33.95 20151012 37.50 hit   2
20150901 34.35 20151019 38.00 hit   1
20151001 34.10 20151019 38.00 hit   0
20151102 36.35 20180424 40.85 hit  29
20151201 30.50 20160418 33.95 hit   4
20160104 26.15 20160218 29.05 hit   1
20160201 27.25 20160226 30.00 hit   0
20160301 29.85 20160414 33.00 hit   1
20160401 30.80 20160418 33.95 hit   0
20160503 32.65 20160819 36.75 hit   3
20160601 29.90 20160704 33.65 hit   1
20160701 32.65 20160819 36.75 hit   1
20160801 33.90 20160822 37.60 hit   0
20160901 35.25 20180419 39.00 hit  19
20161003 35.75 20180424 40.85 hit  18
20161101 37.35 20180510 41.10 hit  18
20161201 37.10 20180424 40.85 hit  16
20170103 35.15 20180419 39.00 hit  15
20170202 35.30 20180419 39.00 hit  14
20170301 37.70 20180514 43.15 hit  14
20170405 37.05 20180424 40.85 hit  12
20170502 35.20 20180419 39.00 hit  11
20170601 34.35 20180108 38.20 hit   7
20170703 35.45 20180419 39.00 hit   9
20170801 35.00 20180419 39.00 hit   8
20170901 34.65 20180108 38.20 hit   4
20171002 33.65 20180103 37.35 hit   3
20171101 33.60 20180103 37.35 hit   2
20171201 33.70 20180103 37.35 hit   1
20180102 36.55 20180424 40.85 hit   3
20180201 37.90 20180514 43.15 hit   3
20180301 37.00 20180424 40.85 hit   1
20180402 36.65 20180424 40.85 hit   0
20180502 40.85 20180516 45.90 hit   0
20180601 43.75 20210416 49.00 hit  34
20180702 41.85 20190628 46.05 hit  11
20180801 41.05 20190618 45.20 hit  10
20180903 41.35 20190624 45.60 hit   9
20181001 41.05 20190618 45.20 hit   8
20181101 35.65 20190221 39.30 hit   3
20181203 35.85 20190325 40.50 hit   3
20190102 35.50 20190221 39.30 hit   1
20190211 37.65 20190403 41.70 hit   2
20190304 38.20 20190408 42.30 hit   1
20190401 41.35 20190624 45.60 hit   2
20190502 42.20 20200805 46.45 hit  15
20190603 43.40 20210415 47.90 hit  22
20190701 46.15 20210420 52.00 hit  21
20190801 44.05 20210416 49.00 hit  20
20190902 38.25 20191118 42.10 hit   2
20191001 39.65 20191230 43.65 hit   2
20191101 40.55 20200116 44.75 hit   2
20191202 41.35 20200715 45.60 hit   7
20200102 44.10 20210416 49.00 hit  15
20200203 41.55 20200805 46.45 hit   6
20200302 42.25 20200806 47.15 hit   5
20200401 39.00 20200430 43.20 hit   0
20200504 42.20 20200805 46.45 hit   3
20200601 43.10 20210415 47.90 hit  10
20200701 43.10 20210415 47.90 hit   9
20200803 44.95 20210419 50.40 hit   8
20200901 42.75 20210413 47.20 hit   7
20201005 41.00 20210322 45.80 hit   5
20201102 40.60 20210322 45.80 hit   4
20201201 43.15 20210415 47.90 hit   4
20210104 43.20 20210415 47.90 hit   3
20210201 40.80 20210322 45.80 hit   1
20210302 42.10 20210329 46.50 hit   0
20210401 46.70 20210420 52.00 hit   0
20210503, 51.2, MISS
20210601, 51.5, MISS
20210701, 50.6, MISS
20210802, 52.8, MISS
20210901, 48.4, MISS
20211001, 50.2, MISS
20211101, 48.25, MISS
20211201, 46.6, MISS
20220103, 47.45, MISS
20220207, 47.1, MISS
20220301, 47.8, MISS
20220401, 49.75, MISS
20220503, 45.35, MISS
20220601, 42.1, MISS
20220701, 40.35, MISS
20220801, 39.5, MISS
20220901, 38.9, MISS
20221003 33.65 20230214 37.25 hit   4
20221101 30.65 20221114 34.15 hit   0
20221201 34.05 20230215 37.55 hit   2
20230103 33.50 20230130 36.95 hit   0
20230201, 36.75, MISS
20230301, 37.8, MISS
20230406, 36.45, MISS
20230502, 39.9, MISS
20230601, 37.75, MISS
20230703, 38.25, MISS
20230801, 37.55, MISS
20230901, 35.25, MISS
20231002, 33.1, MISS
hit records sorting
 88  1
 87  1
 85  1
 84  1
 83  1
 81  1
 79  1
 78  1
 77  1
 76  1
 75  1
 72  1
 71  1
 66  1
 65  1
 35  1
 34  2
 29  1
buy=133 and MISS=26 
total earn= 477,700 per month=3591.72932330827
still at hand= 1,130,650
