20121009 10.20 20121016 11.35 hit   0
20121101 11.75 20121203 13.00 hit   1
20121203 13.00 20140827 14.65 hit  20
20130102 13.70 20141203 15.20 hit  23
20130201 11.75 20130222 13.00 hit   0
20130301 13.05 20140827 14.65 hit  17
20130401 13.00 20140827 14.65 hit  16
20130502 13.60 20141203 15.20 hit  19
20130603 13.50 20140828 14.90 hit  14
20130701 11.15 20140626 12.30 hit  11
20130801 11.30 20140630 12.65 hit  10
20130902 11.85 20140703 13.35 hit  10
20131001 11.10 20140626 12.30 hit   8
20131101 9.60 20140317 10.65 hit   4
20131202 9.18 20140224 10.25 hit   2
20140102 9.47 20140317 10.65 hit   2
20140205 8.80 20140221 9.87 hit   0
20140303 10.15 20140402 11.20 hit   1
20140401 11.00 20140422 12.15 hit   0
20140502 11.70 20140703 13.35 hit   2
20140603 11.60 20140702 12.80 hit   1
20140701 12.60 20140718 13.90 hit   0
20140801 13.80 20141203 15.20 hit   4
20140901 14.85 20141226 16.55 hit   3
20141001 12.95 20141031 14.40 hit   0
20141103 14.35 20141224 16.20 hit   1
20141201 14.70 20141224 16.20 hit   0
20150105 17.30 20210225 19.85 hit  73
20150202 16.65 20210225 19.85 hit  72
20150302 15.45 20150527 17.10 hit   2
20150401 15.75 20210203 17.55 hit  70
20150504 15.45 20150527 17.10 hit   0
20150601 16.15 20210222 18.05 hit  68
20150701 13.85 20201204 15.40 hit  65
20150803 10.25 20160713 11.30 hit  11
20150901 10.05 20150917 11.10 hit   0
20151001 9.86 20160630 10.95 hit   8
20151102 9.73 20160630 10.95 hit   7
20151201 8.91 20151223 9.90 hit   0
20160104 9.46 20160630 10.95 hit   5
20160201 8.85 20160314 9.83 hit   1
20160301 9.04 20160316 10.05 hit   0
20160401 9.51 20160630 10.95 hit   2
20160503 9.02 20160629 10.25 hit   1
20160601 9.32 20160630 10.95 hit   0
20160701 11.00 20160719 12.25 hit   0
20160801 12.90 20180126 14.30 hit  17
20160901 12.10 20170202 13.40 hit   5
20161003 12.15 20170202 13.40 hit   4
20161101 12.25 20170628 13.95 hit   7
20161201 11.45 20170109 12.85 hit   1
20170103 12.00 20170202 13.40 hit   1
20170202 13.40 20201204 15.40 hit  46
20170301 11.90 20170417 13.10 hit   1
20170405 11.85 20170417 13.10 hit   0
20170502 12.70 20180125 14.05 hit   8
20170601 11.80 20170626 13.15 hit   0
20170703 13.55 20201204 15.40 hit  41
20170801 12.25 20180122 13.55 hit   5
20170901 12.40 20180124 13.80 hit   4
20171002 12.15 20180122 13.55 hit   3
20171101 12.45 20180124 13.80 hit   2
20171201 12.55 20180125 14.05 hit   1
20180102 12.35 20180124 13.80 hit   0
20180201 13.50 20201204 15.40 hit  34
20180301 13.20 20201204 15.40 hit  33
20180402 13.75 20201204 15.40 hit  32
20180502 12.35 20201202 13.85 hit  31
20180601 13.25 20201204 15.40 hit  30
20180702 12.90 20201204 15.40 hit  29
20180801 13.25 20201204 15.40 hit  28
20180903 13.10 20201204 15.40 hit  27
20181001 12.80 20201204 15.40 hit  26
20181101 11.75 20201201 13.15 hit  25
20181203 12.70 20201203 14.00 hit  24
20190102 11.95 20201201 13.15 hit  23
20190211 11.25 20200904 12.40 hit  19
20190304 11.40 20201201 13.15 hit  21
20190401 11.30 20201201 13.15 hit  20
20190502 10.85 20200904 12.40 hit  16
20190603 9.25 20191217 10.20 hit   6
20190701 9.37 20200108 10.35 hit   6
20190801 8.10 20191209 9.03 hit   4
20190902 8.12 20191209 9.03 hit   3
20191001 7.97 20191129 8.78 hit   1
20191101 7.72 20191129 8.78 hit   0
20191202 8.59 20191213 9.58 hit   0
20200102 10.15 20200204 11.30 hit   1
20200203 11.00 20200904 12.40 hit   7
20200302 9.33 20200804 10.30 hit   5
20200401 6.97 20200427 7.97 hit   0
20200504 7.48 20200603 8.61 hit   1
20200601 7.77 20200603 8.61 hit   0
20200701 9.23 20200706 10.20 hit   0
20200803 10.05 20200903 11.85 hit   1
20200901 10.75 20200903 11.85 hit   0
20201005 11.15 20201201 13.15 hit   2
20201102 11.55 20201201 13.15 hit   1
20201201 13.15 20201204 15.40 hit   0
20210104 14.20 20210201 15.85 hit   1
20210201 15.85 20210203 17.55 hit   0
20210302 18.75 20210329 21.30 hit   0
20210401 21.05 20210407 23.20 hit   0
20210503, 29.85, MISS
20210601, 25.7, MISS
20210701, 22.25, MISS
20210802, 21.3, MISS
20210901 17.80 20211103 19.95 hit   2
20211001 17.25 20211028 19.15 hit   0
20211101 19.20 20211118 21.50 hit   0
20211201 20.50 20211215 22.90 hit   0
20220103, 22.6, MISS
20220207, 20.85, MISS
20220301, 20.95, MISS
20220401, 19.7, MISS
20220503 17.70 20230619 20.20 hit  13
20220601 17.60 20230619 20.20 hit  12
20220701 15.05 20220819 16.95 hit   1
20220801 13.55 20220811 15.30 hit   0
20220901 17.10 20230220 18.85 hit   5
20221003 14.70 20221011 16.45 hit   0
20221101 17.50 20230619 20.20 hit   7
20221201 16.35 20230217 18.20 hit   2
20230103 15.45 20230207 17.00 hit   1
20230201 16.65 20230220 18.85 hit   0
20230301 18.65 20230727 21.40 hit   4
20230406 18.60 20230727 21.40 hit   3
20230502 17.30 20230619 20.20 hit   1
20230601 17.60 20230619 20.20 hit   0
20230703 18.55 20230727 21.40 hit   0
20230801, 20.95, MISS
20230901, 17.9, MISS
20231002, 16.05, MISS
hit records sorting
 73  1
 72  1
 70  1
 68  1
 65  1
 46  1
 41  1
 34  1
 33  1
 32  1
 31  1
 30  1
 29  1
 28  1
 27  1
 26  1
 25  1
buy=133 and MISS=11 
total earn= 194,690 per month=1463.83458646617
still at hand= 238,100
