20121009 27.90 20140326 31.40 hit  17
20121101 22.30 20140110 24.65 hit  14
20121203 22.80 20140127 25.55 hit  13
20130102 23.85 20140205 27.30 hit  13
20130201 23.00 20140127 25.55 hit  11
20130301 21.90 20130522 24.45 hit   2
20130401 21.40 20130514 23.65 hit   1
20130502 21.60 20130520 23.95 hit   0
20130603 22.30 20140110 24.65 hit   7
20130701 20.20 20140106 22.65 hit   6
20130801 19.00 20130826 21.10 hit   0
20130902 20.30 20140106 22.65 hit   4
20131001 21.70 20140108 24.35 hit   3
20131101 21.00 20140107 23.85 hit   2
20131202 21.40 20140107 23.85 hit   1
20140102 21.00 20140107 23.85 hit   0
20140205 27.30 20140326 31.40 hit   1
20140303 27.50 20140326 31.40 hit   0
20140401 34.80 20140618 39.45 hit   2
20140502 28.00 20140523 31.75 hit   0
20140603 35.10 20140618 39.45 hit   0
20140701, 36.8, MISS
20140801 33.75 20230602 39.65 hit 106
20140901 29.20 20160526 33.95 hit  20
20141001 26.70 20160523 30.70 hit  19
20141103 22.80 20141229 26.10 hit   1
20141201 22.95 20141229 26.10 hit   0
20150105 26.60 20160523 30.70 hit  16
20150202 26.65 20160523 30.70 hit  15
20150302 26.90 20160523 30.70 hit  14
20150401 23.70 20160421 26.20 hit  12
20150504 23.35 20160413 25.70 hit  11
20150601 19.90 20160324 21.90 hit   9
20150701 16.15 20160318 18.05 hit   8
20150803 12.80 20151016 14.85 hit   2
20150901 12.30 20151016 14.85 hit   1
20151001 12.80 20151016 14.85 hit   0
20151102 14.25 20151211 16.15 hit   1
20151201 12.80 20151204 14.10 hit   0
20160104 16.65 20160321 19.85 hit   2
20160201 15.30 20160222 16.90 hit   0
20160301 16.90 20160321 19.85 hit   0
20160401 23.90 20160422 27.60 hit   0
20160503 25.75 20160523 30.70 hit   0
20160601 33.35 20230602 39.65 hit  84
20160701 30.20 20160719 34.95 hit   0
20160801 34.00 20230602 39.65 hit  82
20160901 27.75 20230417 32.15 hit  79
20161003 28.50 20230417 32.15 hit  78
20161101 23.70 20161228 27.50 hit   1
20161201 23.60 20161228 27.50 hit   0
20170103 28.00 20230417 32.15 hit  75
20170202 25.45 20180731 28.25 hit  17
20170301 25.10 20180731 28.25 hit  16
20170405 23.10 20180724 25.45 hit  15
20170502 20.75 20180628 23.40 hit  13
20170601 20.85 20180628 23.40 hit  12
20170703 20.00 20180627 22.65 hit  11
20170801 18.35 20180129 21.25 hit   5
20170901 18.20 20180129 21.25 hit   4
20171002 19.45 20180627 22.65 hit   8
20171101 19.10 20180129 21.25 hit   2
20171201 19.10 20180129 21.25 hit   1
20180102 18.05 20180129 21.25 hit   0
20180201 20.30 20180627 22.65 hit   4
20180301 18.60 20180626 20.60 hit   3
20180402 18.55 20180626 20.60 hit   2
20180502 17.20 20180510 18.95 hit   0
20180601 18.35 20180626 20.60 hit   0
20180702 23.00 20180723 25.40 hit   0
20180801 26.90 20230407 30.00 hit  56
20180903 27.20 20230407 30.00 hit  55
20181001 26.45 20230407 30.00 hit  54
20181101 23.15 20181128 25.65 hit   0
20181203 26.00 20230407 30.00 hit  52
20190102 24.15 20210412 26.90 hit  27
20190211 21.80 20210409 25.65 hit  26
20190304 20.60 20190416 22.70 hit   1
20190401 20.70 20210318 23.30 hit  23
20190502 21.90 20210409 25.65 hit  23
20190603 20.00 20210318 23.30 hit  21
20190701 19.75 20210318 23.30 hit  20
20190801 19.85 20210318 23.30 hit  19
20190902 19.45 20210316 21.45 hit  18
20191001 19.50 20210317 21.50 hit  17
20191101 19.50 20210317 21.50 hit  16
20191202 18.85 20210315 20.95 hit  15
20200102 18.85 20210315 20.95 hit  14
20200203 17.85 20210315 20.95 hit  13
20200302 16.00 20210305 18.40 hit  12
20200401 11.20 20200410 12.80 hit   0
20200504 12.65 20200512 14.30 hit   0
20200601 12.10 20210105 13.80 hit   7
20200701 12.20 20210105 13.80 hit   6
20200803 12.20 20210105 13.80 hit   5
20200901 12.00 20210105 13.80 hit   4
20201005 11.30 20201204 12.45 hit   2
20201102 11.10 20201126 12.25 hit   0
20201201 12.05 20210105 13.80 hit   1
20210104 12.55 20210106 15.15 hit   0
20210201 13.70 20210223 15.20 hit   0
20210302 15.05 20210304 16.75 hit   0
20210401 22.10 20210409 25.65 hit   0
20210503 25.85 20230327 28.45 hit  22
20210601 20.30 20210611 22.55 hit   0
20210701 22.85 20210714 25.20 hit   0
20210802 22.20 20230322 24.85 hit  19
20210901 17.70 20220110 19.75 hit   4
20211001 16.40 20211029 18.05 hit   0
20211101 17.85 20220110 19.75 hit   2
20211201 17.30 20211227 19.35 hit   0
20220103 19.30 20230321 22.60 hit  14
20220207 17.00 20220801 20.50 hit   6
20220301 16.15 20220714 17.90 hit   4
20220401 16.30 20220718 18.00 hit   3
20220503 14.20 20220707 16.15 hit   2
20220601 14.20 20220707 16.15 hit   1
20220701 13.45 20220707 16.15 hit   0
20220801 20.50 20230321 22.60 hit   7
20220901 17.80 20230222 19.65 hit   5
20221003 15.20 20221129 16.75 hit   1
20221101 13.80 20221123 15.95 hit   0
20221201 18.55 20230223 20.65 hit   2
20230103 16.70 20230207 18.40 hit   1
20230201 17.45 20230220 19.20 hit   0
20230301 19.90 20230321 22.60 hit   0
20230406 28.05 20230417 32.15 hit   0
20230502 30.70 20230504 35.50 hit   0
20230601, 36.05, MISS
20230703, 32.15, MISS
20230801, 27.4, MISS
20230901, 26.15, MISS
20231002, 24.7, MISS
hit records sorting
106  1
 84  1
 82  1
 79  1
 78  1
 75  1
 56  1
 55  1
 54  1
 52  1
 27  1
 26  1
buy=133 and MISS=6 
total earn= 352,300 per month=2648.87218045113
still at hand= 183,250
