id   sid     name  h1 h2 mi h3 sub h4 h5 fi
01 971306101 陳安鉦  0 99 25 85 52 99 70
02 971306102 林昶任 95 99 40 70 76 99 70
03 972306103 陳秀霞 99 99 35 85 79 99 80
04 971306104 吳義文 90 99  5 50 61  0 50
05 971306105 李宗玹 95  0 40 40 43 99 65
06 971306106 李加榮  0 99 canno 49 99 70
07 971306107 施東宏  0  0 25 70 23 99 70
08 971306108 李銘修  0 99 50 70 54 99 80
09 971306110 曾傳堯 95 99 20 50 66 99 75
10 971306111 廖健宏  0 99 10 40 37 99 30
11 971306112 施清文  0 99  5 40 36 nn 30
12 971306113 郭重淵  0 99 20 40 39 99 65
13 972306114 柯嘉惠  0 99 50 80 57 99 85
14 972306115 陳怡伶 99 99 80 90 92 99 90
15 972306118 莊雅惠 99 99 65 80 85 99 80
16 971306119 梁國晃 99 99 28 80 76 99 70
17 971306120 胡崇德  0 99 25 70 48 99 70
18 971306121 梁慶良 99 99 30 50 69 99 70
19 972306122 李美怡  0 99 40 85 56 99 75
20 971306123 林家全 90 99  5 50 61 nn 40
21 971306124 朱智瑋 99 99  0 70 67  0 30
22 971306125 莊昆遠  0 99 20 80 49 99 40
24 972306128 蕭伊妏  0 99 25 40 41 99 60
25 971306129 許景裕 99 99 60 75 83 99 80
26 972306131 蔡曉凌  0 99 30 90 54 99 60
27 971306133 鄭志鴻  0 99  0  0 24  0  0
28 972306134 蘇意婷  0 99 53 60 53 99 80
29 971306135 蔡秀明 90 99 15 85 72 99 75
30 971306136 陳中洽  0 99 23 40 40 99 75
31 972306138 蔡沛芳  0 99 15 40 38 nn 40
32 972306150 許原芳 80 99 35 80 73 99 60
33 972306151 原明珠 80 99 60 90 82 99 85
34 971306152 李東承 90 99 35 60 71 nn 70
35 971306153 陳威全  0 99  0 70 42 99 70
36 971306155 黃耀平 99 99  0 70 67 99 20
37 971306157 徐志銘  0 99  0 65 41  0  0
38 971306158 陳信安 95 99  0 70 66  0 30
39 961306118 謝秉宸  0 99 35 75 52 99 85
