id sid       name   h1 h2 m  m2 av h3 no
01 951506101 ±i•√–Ω 99 80 10 85 68 85
02 952506102 ≠S´‰±©  0  0  5 85 22  0 -
03 951506103 ªØ¨f∂v 99 60 20 80 64 60
04 951506105 ≥Ø∂h¬E  0 99 35 85 54 85
05 952506106 ™L®Œºz 99 80 35 85 74 85
06 951506109 ≥Ø¨f§… 99 60 10 80 62 85
07 951506110 ¬≤•…¿s 99 60 10 85 63 85
08 951506111 ≥Øºy∂Ø 99 60 30 85 68 70
09 951506112 §˝¶ ºy 99 60 10 85 63 80
10 951506113 ¡È∞Í§s 99 50 35 75 64 70
11 951506114 ∂¿π≈ºy 99 60 30 85 68 85
12 952506115 Æ]§_¥≈  0 60 35  0 23  0 -
13 951506117 ≥\Ø¬øA 99 60 10 80 62 80
14 952506118 Æ}π≈Æe 99 60 20 85 66 80
15 951506120 ¶V•¸§∏ 99 80 10 85 68  0
16 951506121 ≥¢©vﬁ≥ 99 80 35 85 74 70
17 951506122 ¥ø§_≠ı 99 60  5 75 59 40
18 952506123 ßd≈tÆx 99 80 25 75 69 85
19 951506125 ≥\∫˚≠ı 99 99 65 85 87 80
20 951506126 ¨_¨Fßg 99 60  5 75 59 60
21 951506127 ±ÁØqª  99 60  5 75 59 50
22 951506129 ¨x•›¶t 99 80 20 75 68 70
23 951506131 ßı©¯∂ß 99 60 30 75 66 70
24 952506132 Ω≤º¸µ” 99 60 30 85 68 80
25 951506133 ™L≠ıﬁ≥  0  0  0  0  0  0 -
26 951506134 ™Ù´≥µæ 99 70  5 85 64 70
27 951506135 ™L®}¡æ 99 99 30 85 78 85
28 951506136 ßı®|∞• 99 60 10 85 63 60
29 951506151 ±d§§´€ 99 90 15 85 72 85
30 951506152  e´Tß” 99 70  5 60 58 70
31 951506153 ≥Øß”≤±  0 70 10  0 20 60
32 951506155 ™Ù¨zù‹  0  0  0  0  0  0 -
33 951506156 ¿π§dµæ 99  0  0  0 24 20 -
34 951506157 ¶Ûƒ£§Ø  0 60  5 60 31 20
35 951506158 ≥¢¡o¥º  0 50  5 60 28 10
34 931506101 ≥Øºy´€ 99 60 10 60 57 85
35 931506109 ≥¢´ÿ∫µ 99 60 10 60 57  0
36 931506134 ªØŒÎ≤W 99 50 30 60 59 85 
37 932506132 ßd≤–µÿ  0 60 35 80 43 80
