id sid	     name      st  h1 h2 mid a sh fi
01 9x1A361永x01 黃z宏   21 99 90 95 94 90 90
02 9x1A361至x02 王z麒   22 80 90 65 78 90 80
03 9x1A361介x03 謝z銘   69 40 40 35 38 70 10
04 9x1A361柄x04 郭z宏   68 40 40  5 28 70 20
05 9x1A361順x05 陳z吉   36  0 40 65 35 80 40
06 9x2A361米x06 張z婷   57 40 40  5 28 90 10
07 9x1A361時x08 秦z棟   37 80  0 65 48 90 50
08 xxxxxxxxxx11 鍾z賢
09 9x1A361仁x14 蘇z德   42 99 90 85 91 90 20
10 9x2A361幸x15 蔡z珊   41 99 90 90 93 90 90
11 9x1A361冠x16 黃z翔   13 90 90 65 81 90 90
12 9x1A361晏x18 郭z昇   44 90 90 70 83 90 30
13 9x1A361盟x19 王z慶   39 60 90 70 73 90 30
14 xxxxxxxxxx21 吳z齊
15 9x2A361夌x22 李z軒   17 80 90 75 81 80 60
16 9x2A361貞x23 王z云   19 40 80 65 61 90 20
17 9x2A361貞x25 王z方   1x 40 60 65 55 90 30
18 9x1A361佳x26 李z鴻   32 90 90 65 81 90 30
19 9x1A361安x28 許z竣   27 80  0 65 48 90 60
20 9x1A361朝x29 傅z延   15 80 90 65 78 80 60
21 9x1A361成x30 黃z鴻   33 90 90 70 83 90 20
22 xxxxxxxxxx31 蔡z峰
23 9x1A361泓x32 李z慶   43 90 90 75 85 90 80
24 9x2A361昱x33 吳z漩   35 80 80 80 80 90 60
25 9x1A361建x35 周黃z丞 14 60 90 65 71 90 30
26 9x1A361進x39 黃z祿   34 85 90 65 80 90 30
27 9x1A361文x42 林z程   16  0 90 60 50 80 20
28 9x2A361捷x50 游z芳   1x 80  0 65 48 90 40
29 xxxxxxxxxx51 吳z瑋
30 xxxxxxxxxx52 陳z安
31 9x1A361佑x53 張z禎   xx 0   0 35 11  0  0
32 9x1A361元x60 張z銘   61  0 40 65 35  0  0
33 9x1A362貴x41 梁z賢   25  0 60  0 20  0  0
34 9x2A361孟x33 楊z蓓   1a 40  0 30 23 70 10
35 xxxxxxxxxx65 簡z融
36 9x1A361麥x66 袁z家   xx 0  60 60 40 70 10
37 9x1A362維x02 洪z楷   26  0  0 65 21 70 30
38 9x14361哲x15 胡z銘   12 60 90 65 71 90 30
39 9x14361奕x30 錢z和   xx 0  40 65 35 70 40
40 9x14361奕x31 林z成   xx 0  90 70 53 80 10
41 9x14361亞x16 林z駿   11  0 40 15 18 70 40
