      2月 2005
日 一 二 三 四 五 六
       1  2  3  4  5
 6  7  8  9 10 11 12
13 14 15 16 17 18 19
20 21 22 23 24 25 26
27 28			228 off

      3月 2005
日 一 二 三 四 五 六
       1  2  3  4  5
 6  7  8  9 10 11 12	7 live-dsl-cd	
13 14 15 16 17 18 19	14
20 21 22 23 24 25 26	21
27 28 29 30 31		28

      4月 2005
日 一 二 三 四 五 六
                1  2
 3  4  5  6  7  8  9	4
10 11 12 13 14 15 16	11
17 18 19 20 21 22 23	18
24 25 26 27 28 29 30	24二技學測 25期中考

      5月 2005
日 一 二 三 四 五 六
 1  2  3  4  5  6  7	2
 8  9 10 11 12 13 14	9
15 16 17 18 19 20 21	16
22 23 24 25 26 27 28	23專題口試及參展
29 30 31 x  x		30畢業考

      6月 2005
日 一 二 三 四 五 六
          1  2  3  4
 5  6  7  8  9 10 11
12 13 14 15 16 17 18
19 20 21 22 23 24 25
26 27 28 29 30

