      9月 2004
日 一 二 三 四 五 六
          1  2  3  4
 5  6  7  8  9 10 11
12 13 14 15 16 17 18 開學
19 20 21 22 23 24 25
26 27 28 29 30       中秋

     10月 2004
日 一 二 三 四 五 六
                1  2
 3  4  5  6  7  8  9
10 11 12 13 14 15 16
17 18 19 20 21 22 23
24 25 26 27 28 29 30
31
     11月 2004
日 一 二 三 四 五 六
    1  2  3  4  5  6 
 7  8  9 10 11 12 13 小考一
14 15 16 17 18 19 20 期中考
21 22 23 24 25 26 27
28 29 30

     12月 2004
日 一 二 三 四 五 六
          1  2  3  4
 5  6  7  8  9 10 11
12 13 14 15 16 17 18
19 20 21 22 23 24 25
26 27 28 29 30 31

      1月 2005
日 一 二 三 四 五 六
                   1
 2  3  4  5  6  7  8 小考二
 9 10 11 12 13 14 15 期末考
16 17 18 19 20 21 22
23 24 25 26 27 28 29
30 31
