說明 q:小考 n:筆記 h:作業 mi:期中考 drink:喝飲料 game:玩遊戲 
id studen_id ch_nam ch_class q1 n1 h1 q2 n2 mi q3 n3 h3 q4 of fi
 1 951506101 張永郇 五資一甲 30 90 56 10 85 30  5 70 56 10 10
 2 952506102 范思惟 五資一甲 30 70 75  0 85  5  0 80 80  0  4
 3 951506103 趙柏鈞 五資一甲 40 70 80  0 65 44  5 75 70  5 10
 4 951506104 黃笙   五資一甲  5 40  0  0 40  5  5  0  0  0  7
 5 951506105 陳逸鴻 五資一甲 20 65 56  0 60 17 10 75 48 30 10 
 6 952506106 林佳慧 五資一甲 60 90 90 20 80 60 27 80 90 33 10
 7 951506107 羅丞宏 五資一甲 45 60 60  0 75 12 15 60 70 38 10
 8 951506108 李泓宥 五資一甲 25 50  0  5  0 20  5  0  0  5  9 
 9 951506109 陳柏升 五資一甲 20 90  0  0 85 17 15 75  0 10  7
10 951506110 簡玉龍 五資一甲  5 70 70  0 70  8  7 80 70 15 10
11 951506111 陳慶雄 五資一甲 40 40 80 10 70 53  5 80 70  5 10
12 951506112 王百慶 五資一甲 35 65 48 15 60 25 10 60 40 25  8
13 951506113 鍾國山 五資一甲  5 40 70  0 40  6 25 70 48  5  9
14 951506114 黃嘉慶 五資一甲  5 90 75  5 80 30  5 80 80 23 10
15 952506115 孫于棠 五資一甲  5 80 90  5 85 41 40 85 56 60 10
16 951506116 郭承恩 五資一甲  5 50  0  0  0  0  5  0 56  0 10
17 951506117 許純澤 五資一甲 20 75 70  5 70 51 25 80 75 25  7
18 952506118 徐嘉容 五資一甲 40 90 85  5 90 69 35 90 80 60 10
19 951506119 賴慶隆 五資一甲 45 60 64 18 75 31  5  0  0  5  8
20 951506120 向兆元 五資一甲  5 90 60  0 85 16 43 80 70 20  9
21 951506121 郭宗瑋 五資一甲  5 80 70 20 80 31  5 80 70  0 10 
22 951506122 曾于哲 五資一甲  5 60 65  8 70 18 37 70 80  0 10
23 952506123 吳懿庭 五資一甲 10 90 80  5 85 21  5 85 75  0 10
24 951506124 陳勁圻 五資一甲  5  0 60  0  0 10  5  0 75  0  6
25 951506125 許維哲 五資一甲 50 80 64 30 80 40 19 90 70 65 10
26 951506126 柯政君 五資一甲  5 85  0 10  0 10  5 30  0  0  9
27 951506127 梁益銘 五資一甲  5 65 48  0 60 22  5 80 75  0  9
28 952506128 鐘翊芳 五資一甲 45 85 90  5 90 38 35 80 80 13 10
29 951506129 洪禾宇 五資一甲  5 60 85  0  0 28  5 85 48 10  9
30 951506130 原瑞貴 五資一甲  5 60  0  0  0  5  5  0  0  0 10
31 951506131 李昆陽 五資一甲 25 75 85 10 50 41  5 80 48 25  9
32 952506132 蔡瑩萍 五資一甲  5 85 95 15 80 56  5 85 80  0 10
33 951506133 林哲瑋 五資一甲 28 60 64  0 65 20  8 85 44  0  4 cheating
34 951506134 邱奕翔 五資一甲 15 60 90  0 65 18  5 85 60  5  9
35 952506135 林良謙 五資一甲 35 60 80 15 75 38 20 90 44 28 10
36 951506136 李育陞 五資一甲 35 65 85  0 60 13 15 90 56 23 10
38 882508227 蘇雅玲 五語七乙  0 60  0  0 80 53  0 85 56  0  6
39 891506255 楊鈞泓 五資七乙  0 60  0  0 85 48 40 85 56 60  5
