id sid       name   n1 q1 q2 m  n2 q3 n3 q4
01 961206101 ¾G·ÔÔÃ 85 22 48 37 65 20     5
02 962206102 ·¨¨ÎµØ 80 16 80 32 80 30    12
03 962206103 ¾G·¶¯Â 85 58  0 41 80 20 75 12
04 962206104 ½²¨Ø§u 85 20 50 31 85 30    10
05 962206105 ªL¨Î¬ü 85 36 70 40 80 38    23
06 961206106 ¾G´ºÂ@ 80 14 40 53 70 15 80 25
07 962206107 À¹·N¯¾ 85 68 40 75 90 45    43
08 961206108 ªLµú¼ý 80 20 80 44 80 40     8 co-leader
09 962206109 ·¨µú´f 85 36 60 55 85 40    24 leader
10 961206110 ±i´Â²E 80 52 60 67 60 70 70 53
11 961206111 ½²°ª®Ú 75 18 36 17 75 20    16
12 961206112 ÃC»x¨k 85 80 84 78 85 75    60
13 961206113 ¿à®iÁÃ 80 21  0 16  0 15  0  0
14 961206114 ½²©v¿Q 80 46  0 50 80 60    53
15 961206115 ÁéªF¯q 80 28 86 60 75 30 75 31
16 961206116 ±i®ÑÄ£ 85 24 46 60 80 48 85 28
17 961206117 ¬x¨}½å 70 22  0 34 80 15    13
18 961206118 ¦¿©ú½Ã 80 30 50 44 85 55 75 25
19 961206119 ¯ÎºÖ¦¨ 80 40 60 50 80 60    35
20 962206120 §d¬Õ»ö 85 40  0 80 85  0    25
21 961206121 Ä¬°ª¥ß 85 52  0 35 60  0 75 13
23 962206123 ¬x°ûµÙ 80 16 40 11 70 20    10
24 961206124 ®]»D¨} 80 44 60 65 70 35    41
25 961206125 ½²©y²» 80 42 30 24 80 33    25
26 961206126 ·¨¯à³Ç 80 16  0 23 80 10 80 20
27 961206127 ¬xÅï©v 85 34 86 70 85 65 85 30
28 961206128 ³¯«É¸Û 80 18 42 28 80 63 75 28
29 961206129 §E¥òµ¾ 80 18 30 51 70 29  0 20
30 962206130 ½²©yµX 85 60 60 60 85 35    47
31 962206131 ÁÂ¾å±ë 75 32 60 57 80 35    48
32 961206132 Â²¤l³ó 85 50 64 85 85 99 80 90
33 962206133 ¶À³Í¬Â 85 50 47 45 90 55    35
34 961206134 ·¨´¼³Í 80 22 70 46 85 40 80 20
35 952206109 ÁÂ°û´@ 90 50 40 70 85 65    40
36 951206123 ²ø§B¶¯ 80 62 50 55 65 30    38
37 952206150 ¤ý¶®¬Â 85 54 90 39 80 35 85 40
38 951206116 ¼B©Ó¥­ 70 38 40 35 60 30     0
39 952206118 §õ¦w´¸ 80 54 30 33 60 15 80 10
40 952206120 Â²§g¥ì 85 32 94 38 85 30  0 20 cut
41 951206121 ¯Î¹Å¶© 80 16 80 44 70 25  0 10 cut
42 952206122 ­J¶®§g  0 36  0 40  0  0  0  0
43 951206129 ¾G¥çµ¾ 80 18  0 30  0 35    20
44 952206132 ¶À¤©µÓ 80 22 20 15 80 20 85 15
45 951206250 §d©vÀs 85  5 30 40 85 45    36
46 952206113 ¦¿«\âÓ 80 46  0 36 80 35 70  0
47 952206127 ¨H§e®õ 75 24  0 38 80 15  0  0
48 952206130 ªL¯¾»ñ 80 38 70 40 85 55 85 20
49 952206131 ªL©¨ÀR  0 28 30 18 70 10  0 10
