dx sid       name   class    mh ak cd q1 q2  m q3 q4 h1 final
01 931436103 陳宗亨 四資二甲 93 99 99 90 80 99 70 70 85
02 931436126 王威力 四資二甲 88 99 99 60 80 99 60 70 90
03 931436138 徐振騰 四資二甲 74 99 99 70 10 90 40 30 80
04 931436143 李皓維 四資二甲  n 60 99 60 50 60  0 30 80
05 921441109 張式昕 xx        0
06 901506141 林正璿 五資五甲 51 99 99 20 20 15 30 25 80
07 902506149 郭銘純 五資五甲 33 50 99  0 10  5 10 10 80
08 902508223 吳月婷 五資五甲 42 60 99 20 10 20 40 25 80
09 901436121 唐國瑋 四資五甲 37 50 99 20 10  5 30 30 80
10 912436230 鄭珮如 四資四乙 22 50 80  0  0  0 10 10 80
11 921436205 趙培翔 四資三乙 36 60 99  0 10 10  0 30 75
12 921436210 蔡明儀 四資三乙 60 99 99 30 20 50 50 40 80
13 921436219 劉泰佑 四資三乙 48 50 99 20 10 60 10 10 85
14 922436230 鄭素函 四資三乙 39 60 99 20 10  5 30 30 80
15 921436127 劉惠群 xx        0
16 921441236 楊禮榮 xx        0
17 921436157 陳執中 四資三甲  4  0 60  0 10  0  0  0
