id sid       name   h1 h2 mi m2 av h3 no
01 931506101 ³¯¼y«Û 99  0  0 80 44 30
02 932506102 §õË¨µ× 80  0 40 40 40 50
03 932506103 ªò²QµX 80  0 20 30 32 80
04 931506104 ªL«B¥Í  0  0  0  0  0  0
05 932506105 ³¢«º§± 99 60 60 80 74 90
06 931506106 ³\¬°µq 99 80 50 80 77 95
07 932506108 ¼B¨Î©É 99  0 50 80 57  0
08 931506109 ³¢«Øºµ 99 60 60 80 74 30
09 931506111 ªL¼w½å 99  0 30 80 52  0
10 931506113 §õÅv®Ê 99 80 70 70 79 90
11 931506114 ªL¶§µ¾  0  0 50  0 12  0
12 932506116 §õ¨ç®x 99 40 60 80 69 40
13 932506117 ÅU®eº_ 99  0  0 70 42  0
14 932506118 ³¯¬MÀM 99 60 40 80 69 80
15 932506119 ³°»y¬X 99  0 50 80 57  0
16 932506120 ¬ö¬ü¼ü 99  0 30 80 52  0
17 931506122 ³¯¨ÎÂ@ 99  0 40 70 52 90
18 931506123 ½²§Ó´Ü 99 60 40 40 59 40
19 931506124 ¼B¨Îºû  0  0  0  0  0  0 -
20 931506125 ¤ýÎë¿o 99 90 60 80 82 95
21 931506126 ¥jÂÔÞ³ 99 70 60 60 72 85
22 931506127 ¨ô«a§» 99 60 60 80 74 85
23 931506128 ¤ýºa©v 99 90 90 80 89 95
24 931506129 ­J©v¥Á 99 80 50 80 77 95
25 931506130 ¿½°¶§¡ 99 80 50 80 77 85
26 932506131 ¬ö¤D·ì 99 60 60 80 74 95
27 931506134 »¯Îë²W 99  0 40 80 54 30
28 932506137 ÄY²ÐÞ· 99 90 80 80 87 85
29 932506138 ³¯©u·L 99 50 50 70 67 40
30 932506139 ªô¶®¬X 99  0 50 85 58 40
31 931506140 ¬ê«H¸q 99 90 90 80 89 95
32 931506141 ³¯«T¦ö  0 60 60 80 50 90
33 932506142 ¥Û´ð¹a 99 60 40 80 69 90
34 932506143 ¶À²bÞ± 99 80 60 85 81 95
35 931506152 «¸³Õ¤¯  0  0  0  0  0  0
36 921506108 §õ¨|©Ó  0  0  0  0  0  0
37 921506145 ¤ý«Ø¶¯ 80 60 20 60 55 90
