      9 2014         
    1  2  3  4  5  6
 7  8  9 10 11 12 13
14 15 16 17 18 19 20 --15 s1
21 22 23 24 25 26 27 --22 s2
28 29 30
                      
      10 2014        
          1  2  3  4  
 5  6  7  8  9 10 11  
12 13 14 15 16 17 18  
19 20 21 22 23 24 25  
26 27 28 29 30 31     
                      
      11 2014        
                   1  
 2  3  4  5  6  7  8  
 9 10 11 12 13 14 15
16 17 18 19 20 21 22 -- 17 m1
23 24 25 26 27 28 29  
30

      12 2014        
    1  2  3  4  5  6  
 7  8  9 10 11 12 13  
14 15 16 17 18 19 20  
21 22 23 24 25 26 27  
28 29 30 31           
                      
      1 2015         
             1  2  3  
 4  5  6  7  8  9 10 -- 5  f1
11 12 13 14 15 16 17 -- 12 f2  
18 19 20 21 22 23 24  
25 26 27 28 29 30 31  
