      3月 2006
日 一 二 三 四 五 六
          1  2  3  4 
 5  6  7  8  9 10 11 6  start
12 13 14 15 16 17 18 14 cd
19 20 21 22 23 24 25 21 quiz1
26 27 28 29 30 31

      4月 2006
日 一 二 三 四 五 六
                   1
 2  3  4  5  6  7  8
 9 10 11 12 13 14 15 11 quiz2
16 17 18 19 20 21 22
23 24 25 26 27 28 29 25 mid
30
      5月 2006
日 一 二 三 四 五 六
    1  2  3  4  5  6
 7  8  9 10 11 12 13
14 15 16 17 18 19 20 16 quiz3
21 22 23 24 25 26 27
28 29 30 31

      6月 2006
日 一 二 三 四 五 六
             1  2  3
 4  5  6  7  8  9 10
11 12 13 14 15 16 17
18 19 20 21 22 23 24 20 quiz4
25 26 27 28 29 30    27 final
