i  sid       name   class    mh cd ak q1 q2 mi q3 a2 q4 h1 fi
01 911506101 林耀鋌 五資四甲 60 99 99 50  0 25 40 80 30 88
02 912506102 鄭喬云 五資四甲 60 99 50 60 20 60 30 80 40 88
03 911506105 陳瀅文 五資四甲 62 99 60 60 40 50 40 60 30 82
04 911506106 沈昭雄 五資四甲 60 99 50 60 10 60 50 70 30 90 
05 911506107 洪晟哲 五資四甲  0  0  0  0  0  0 30 65 30 82
06 911506108 陳雨宏 五資四甲 60 99 50 50 20 60 20 65 20 85
07 911506110 吳錦源 五資四甲 60 99 50 50 20 60 30 60 10 85
08 912506111 楊翊巧 五資四甲 60 99 50 50 20 60 50 80 30 88
09 911506112 黃譯平 五資四甲 64 99 99 50 10 60 50 75 30 82
10 911506113 蔡易儒 五資四甲 42 99 60 10 10 30 40 70 30 85
11 912506114 黃薰萱 五資四甲 60 99 99 50 10 20 50 65 15 88
12 911506115 陳彥文 五資四甲 53 99 99 30  0 30 30 55 30 85
13 912506116 蕭秀妃 五資四甲 48 99 60 50 10 20  0 65 10 85
14 911506117 林志航 五資四甲 46 99 50 50  0 30  0 60  0 85
16 911506119 薛柏林 五資四甲 60 99 80 50 10 60 30 75 30 85
18 911506121 莊富凱 五資四甲 48 90 50 50 10 40 30 60 30 82
19 911506122 鍾焜樞 五資四甲 60 99 60 50 10 60 40 65 30 85
20 911506123 黃文權 五資四甲 52 99 60 40 10 50 60 70 30 82
21 911506125 徐彪記 五資四甲 44 99 50 50 10 10 20 50 10 82
22 911506126 鍾旺倫 五資四甲 50 99 50 50 20 30 15 65 30 82
23 912506127 鄭家惠 五資四甲 70 99 99 60 10 80 50 70 30 90
24 911506128 吳國源 五資四甲 60 99 99 40  0 60 30 75 30 82
25 912506129 林孟佳 五資四甲 36 99 50 10 10 10 10 60 10 90
26 911506130 陳書偉 五資四甲 30 99 50  0  0  0 30 60 25 82
27 911506132 林祚緯 五資四甲  0  0  0  0  0  0  0  0  0  0
28 911506134 陳柏翰 五資四甲 20  0 99  0  0  0  0 65  0 82
29 911506135 蔡昌融 五資四甲 22 60 50  0  0  0  0 65 30 85
31 911506138 莊富全 五資四甲 76 99 99 60 60 60 10 80 30 90
32 911506140 傅俊達 五資四甲 52 99 50 40 10 60 30 50 25 82 
33 912506141 黃于真 五資四甲 50 99 99 20 10 20 50 80 30 88
34 912506143 周佳萱 五資四甲 48 99 60 40 10 30 60 60 30 90
35 912506144 顏秀婷 五資四甲 70 99 80 60 40 70 50 80 40 90
36 912506145 王曉蕙 五資四甲 76 99 99 60 60 60 40 70 30 90
37 912506146 鍾秀鳳 五資四甲 52 99 80 40 10 30 50 70 40 85
38 911506147 葉士勛 五資四甲 52 99 99 10 10 40 10 60 30 85
39 911506148 陳胤宏 五資四甲 62 99 60 50 40 60 40 65 30 88
40 911509109 鍾享基 五資四甲 60 99 80 30 20 60 40 60 30 82
41 912509115 陳盈蓁 五資四甲 54 99 50 60 40 20 60 75 30 85
42 911508149 周士殷 五資四甲 12 60  0  0  0  0  0  0 30 82
43 912508150 吳心慧 五資四甲 40 99 50 30 10 10 60 75 30 88
44 912506149 張筱莉 五資四甲 66 99 99 60 20 50 60 70 30 85
45 912506160 王亭涵 五資四甲 60 99 50 40 10 70 30 70 25 85
46 891506253 鄭捷升 五資六乙 40 70 99 10 10 10  0 75 15 85
47 891506219 張哲儒 五資六乙 46 60 50 10  0  0  0 65 15 82
48 891506223 余中天 五資六乙 46 99 50 10 10 60 20 50 15 85
49 891506233 陳宏杰 五資六乙 36 70 99 10  0  0  0 70 15 82
50 891506140 徐家富 五資六甲 28 60 50  0  0 30  0 50 15 82
52 891506168 陳慶仁 五資六甲 34 90 60  0 10 10  0 80  0 82
53 891506170 蔣方祥 五資六甲 36 99 50 10 10 10  0 90 15 82
