id 506505    name   h  m h 0    final
01 971506102 李信憲 80 85 70 78
02 972506103 歐佳惠 80 40 80 66
03 971506104 陳宏堯 80 10 70 53
04 971506106 伍原輝 80 10 70 53
05 971506109 辛桂宗 80 15 70 55
06 971506110 林煜凱 80 80 90 83
07 971506111 洪英晉 80 20 70 56
08 971506112 梁閔傑 80 15 50 48
09 971506113 許倉豪 80 10 70 53
10 972506114 郭雅晴 80 40 90 70
11 971506116 陳金成 80 20 50 50
12 971506117 黃士軒 80 15 70 55
13 971506119 黃富斌 80 30 90 66
14 971506120 楊政傑 80 10 50 46
15 971506121 葉丞   80 10 50 46
16 971506122 劉人豪  0 10 70 26
17 972506123 劉婷婷 80 10 70 53
18 972506124 劉硯茹 80 10 50 46
19 971506125 蔡勝忠 80 10 50 46
20 971506126 謝泓奇 80 10 00 30
21 971506127 黃榮嘉 80 10 70 53
22 972506129 黃雙雙 80 15 70 55
23 971506130 李建緯  0 10  0  3
24 972506131 陳藝文 80 15 70 55
25 971506153 簡士超 80 20 50 50
26 972506159 施昭吟  0  0 00  0
27 972506150 陳慈敏 80 50 90 73 off
28 971506151 王竣瑞 80 10 70 53
