01 971506102 李信憲 80 70
08 971506111 洪英晉 80 70
13 971506117 黃士軒 80 60
20 972506124 劉硯茹 80  0
24 972506129 黃雙雙 60  0
04 971506105 陳聖鈞  0  0
14 972506118 黃芃穎  0  0
05 971506106 伍原輝 60 60
06 971506109 辛桂宗 80 70
29 972506150 陳慈敏 80 90
28 971506155 蔡鎧蔚  0  0
09 971506112 梁閔傑 80  0
25 971506130 李建緯  0  0
17 971506121 葉丞   60  0
11 972506114 郭雅晴 80 90
31 972506159 施昭吟  0  0
10 971506113 許倉豪 80  0
15 971506119 黃富斌 80 80
02 972506103 歐佳惠 80 80
19 972506123 劉婷婷 80  0
27 971506153 簡士超  0 90
30 971506151 王竣瑞 80  0
18 971506122 劉人豪  0  0
23 971506127 黃榮嘉 80 70
22 971506126 謝泓奇 80 80
12 971506116 陳金成 80 80
03 971506104 陳宏堯 80 70 
16 971506120 楊政傑 80 70
07 971506110 林煜凱 80 90
26 972506131 陳藝文 80  0
21 971506125 蔡勝忠 80  0
