01 961506101 郭志盛 99  0  1 10 52.25
02 962506102 簡瑜潔 90 60  1 40 72.5
03 961506104 陳彥丞 99 50  1 35 71
04 961506105 盧政廷 99 60  1 45 76
05 961506106 李明豪 90  0  1 10 50
06 961506107 陳科維 99 80  1 40 79.75
07 962506108 蔡漫樺 99 80  1 20 74.75
08 961506109 黃富祥 99 90  1 35 81
09 961506110 謝廷暐 99 60  1 35 73.5
10 961506111 李秉融 90 30  1 10 57.5
11 961506112 李冠緯 99 50  1 40 72.25
12 961506113 康銘緣 99 80  1 70 87.25
13 961506114 李凱淇 99  0  1 45 61
14 961506115 廖家偉 99 30  1 45 68.5
15 961506116 鄒毅   99  0  1 10 52.25
16 962506117 龔靖童 90 60  1 10 65
17 962506118 薛佩倫 99 80  1 40 79.75
18 962506119 江孟璇 90 60  1 20 67.5
19 961506120 廖冠瑋 99 50  1 10 64.75
20 961506121 黃進德 99 80  1 35 78.5
21 961506122 蔡侑霖 99 50  1 45 73.5
22 961506123 時崇維 99 80  1 10 72.25
23 961506124 陳逸倫 99 99  1 70 92
24 961506125 黃哲輝 99 90  1 45 83.5
25 961506126 呂昆翰 99 90  1 75 91
26 962506127 林韻媚 99 80  1 55 83.5
27 962506129 吳美琴 99 80  1 70 87.25
28 962506130 黃宥棋 90 60  1 20 67.5
29 961506131 曾彥博 99 50  1 35 71
30 961506151 陳景揚 99  0  1 35 58.5
31 961506153 賴慶隆 90 60  1 45 73.75
32 962506154 郭姿妤 90 80  1 30 75
33 961506156 李易璇 99 30  1 15 61
34 961506161 黃笙    0  0  0  0 0
