01 961506101 郭志盛 99  0  1 10  0  0  0
02 962506102 簡瑜潔 90 60  1 40 80  1 45
03 961506104 陳彥丞 99 50  1 35 90  1 20
04 961506105 盧政廷 99 60  1 45 80  1 20
05 961506106 李明豪 90  0  1 10 80  1 10
06 961506107 陳科維 99 80  1 40 80  1 45
07 962506108 蔡漫樺 99 80  1 20 70  1 10
08 961506109 黃富祥 99 90  1 35 90  1 30
09 961506110 謝廷暐 99 60  1 35 70  1 40
10 961506111 李秉融 90 30  1 10 60  1 35
11 961506112 李冠緯 99 50  1 40 60  1 10
12 961506113 康銘緣 99 80  1 70 60  1 30
13 961506114 李凱淇 99  0  1 45 70  1 10
14 961506115 廖家偉 99 30  1 45 60  1 10
15 961506116 鄒毅   99  0  1 10 60  1 10
16 962506117 龔靖童 90 60  1 10 70  1 20
17 962506118 薛佩倫 99 80  1 40 80  1 20
18 962506119 江孟璇 90 60  1 20 80  1 45
19 961506120 廖冠瑋 99 50  1 10 80  1 45
20 961506121 黃進德 99 80  1 35 80  1 10
21 961506122 蔡侑霖 99 50  1 45 70  1 45
22 961506123 時崇維 99 80  1 10 60  1 10
23 961506124 陳逸倫 99 99  1 70 90  1 45
24 961506125 黃哲輝 99 90  1 45 70  1 60
25 961506126 呂昆翰 99 90  1 75 90  1 50
26 962506127 林韻媚 99 80  1 55 60  1 20
27 962506129 吳美琴 99 80  1 70 90  1 45
28 962506130 黃宥棋 90 60  1 20 80  1 20
29 961506131 曾彥博 99 50  1 35 80  1 20
30 961506151 陳景揚 99  0  1 35 80  1 45
31 961506153 賴慶隆 90 60  1 45 80  1 30
32 962506154 郭姿妤 90 80  1 30 70  1 30
33 961506156 李易璇 99 30  1 15 70  1 30
