id sid       name   q1 mi q2 final
01 951506101 張永郇 60 60  0
02 952506102 范思惟  0 60  0
03 951506103 趙柏鈞 20 10  5
04 951506105 陳逸鴻 60 60 10
05 952506106 林佳慧 70 60 35 cleaner 1/11
06 951506109 陳柏升 40 35  0 cleaner 1/11
07 951506110 簡玉龍  0 10  0 cleaner 1/11
08 951506111 陳慶雄 20 55  0 cleaner 1/11
09 951506112 王百慶 20 60  5 cleaner 1/11
10 951506113 鍾國山 20 50  0 cleaner 1/11
11 951506114 黃嘉慶  0 35  5
12 952506115 孫于棠 60 60  0 off
13 952506118 徐嘉容 95 50 20
14 951506120 向兆元 20 60  5
15 951506121 郭宗瑋 60 60  0
16 951506122 曾于哲  0 35  0
17 952506123 吳懿庭 60 60  0
18 951506125 許維哲 99 99 80
20 951506127 梁益銘 10 55  0
21 951506129 洪禾宇 60 60  0
22 951506131 李昆陽 50 60  5
23 952506132 蔡瑩萍 99 60 55 
24 951506134 邱奕翔  0 10  0
25 951506135 林維棠 20 60 10
26 951506136 李育陞 90 60  5
27 951506151 康中彥 99 99 40
28 951506152 佘俊志 70 85  0
29 951506153 陳志盛  0 10 30
