01 971506102 李信憲 99 99 90 64
02 972506103 歐佳惠 65 85 60 55
03 971506104 陳宏堯  0 50 40 47
04 971506105 陳聖鈞 35 45 40 25
05 971506106 伍原輝  0 80  0 25
06 971506109 辛桂宗 30 40 40 30
07 971506110 林煜凱 90 99 95 93
08 971506111 洪英晉 35 60 70 52
09 971506112 梁閔傑 40 50 40 33
10 971506113 許倉豪 30 75 70 25
11 972506114 郭雅晴 75 99 80 95
12 971506116 陳金成  0 50 40 25
13 971506117 黃士軒 80 80 70 25
14 972506118 黃芃穎 35 40  0 25
15 971506119 黃富斌 90 99 80 50
16 971506120 楊政傑 10 45 40 25
17 971506121 葉丞   30 60 40 25
18 971506122 劉人豪 20 10 40 25
19 972506123 劉婷婷 30 45 60 25
20 972506124 劉硯茹  0 40 50 25
21 971506125 蔡勝忠 10 65 60 30
22 971506126 謝泓奇 80 99 80 41
23 971506127 黃榮嘉 75 85 80 45
25 972506129 黃雙雙 50 85 70 25
26 971506130 李建緯 20 65 70 25
27 972506131 陳藝文 40 45 80 45
28 971506153 簡士超 70 65 40 25
32 972506150 陳慈敏 90 99 95 85
33 971506151 王竣瑞 30 40 40 25
34 952506102 范思惟  0 40  0 25
35 952506115 孫于棠 20 60  0 25
