09 971506112 梁閔傑 40
27 972506131 陳藝文 40
05 971506106 伍原輝 0
08 971506111 洪英晉 35
21 971506125 蔡勝忠 10
19 972506123 劉婷婷 30
10 971506113 許倉豪 30
07 971506110 林煜凱 90
id sid name q1
15 971506119 黃富斌 90
17 971506121 葉丞 30
12 971506116 陳金成 0
34 952506102 范思惟 0
24 971506128 林義勝 10
32 972506150 陳慈敏 90
29 971506154 郭燦毅 0
26 971506130 李建緯 20
25 972506129 黃雙雙 50
14 972506118 黃芃穎 35
30 971506155 蔡鎧蔚 0
22 971506126 謝泓奇 80
04 971506105 陳聖鈞 35
35 952506115 孫于棠 20
16 971506120 楊政傑 10
23 971506127 黃榮嘉 75
11 972506114 郭雅晴 75
13 971506117 黃士軒 80

28 971506153 簡士超 70
31 971506156 柳仲原 0
18 971506122 劉人豪 20
02 972506103 歐佳惠 65
成績冊科目：資料結構與演算法(506307) 教師：馮治平(T01022)  
03 971506104 陳宏堯 0
01 971506102 李信憲 99
20 972506124 劉硯茹 0
33 971506151 王竣瑞 30
06 971506109 辛桂宗 30
