id sid       name  in-1 hw1i2 m h2 h3 h4 q2 h5 final
01 932136101 ªL©s¼z x a 77 f 21 78 99 65  0 85 40
02 931136102 ÁÂ©s¼ý x a 80 a 33 75 99 65 75 85 65
03 931136103 ½²­N§Ê x 0 82 a 35 82 99 74  5 80 35
04 932136104 §õ°ûµ× x a 80 f  0 79 99 63  0 73  0
05 931136105 ´¿­P²» x 0 81 f 38 61 99 74 10 66 25 
06 931136106 ³¯«Ø³Ó n 0 87 f 25 76 99 64 15  0  0
07 932136107 ¼Ô­¿¤å x 0 74 f 28 85 99 69 10 74 20
08 932136108 ¥j´D´f x c 77 a 35 77 99 75  0 78 25 
09 932136109 §d­§ªâ x 0 76 c 35 75 99 73  0 88 15
11 931136111 ³¯¥@§» x b 81 d 25 86 99 78 10 90  5
12 932136112 ¼B´ð©É x a 76 d 35 79 99 66 15 81 60
13 931136113 ½²¨äÀs x c 80 f 23 76 99 65  0 66 20
14 931136114 ¬_§Ó¾ì n c 90 b 50 85 99 76 25 80 20
15 932136115 §d¨Øªå x c 85 f 31 79 99 61  0 73  0
16 931136116 ¶À©Ý·~ x a 95 a 98 86 99 81 30 71 90
18 931136118 ­S§Ó°¶ x b 85 b 55 82 99 72 20  0 40
20 931136120 ´¿®¶¥­ n c 98 c 21 82 99 61  0  0  0
21 932136121 §õ©ÉªÚ n 0 82 f 15 60 99 61  0  0  0
23 932136123 ¿½­§µY n - 80 - 55 71 99 54 15 68 35
24 931136124 ´¿³Õ¥° x 0 90 f  0 85 99  0  0  0 20
28 931136130 ¶À«H»Ê x a 81 f 35 75 99 56  0 10 15
31 931136133 Ä¬¯q¶i n 0 49 b 10 79 99 57  0  0  0
32 931136134 ¶À©~²» - a 85 b 25 73 99 63 25  0 55
33 931136135 ³¯«a¤¤ - c 74 f 20 75 99 68  0 75 55
35 932136137 ªL¨ØµX x c 80 d  0 78 99 77  0 75  0
36 932136138 ¼B¯ÀÊ¹ x d 84 e  0 60 99 61  0  0  0
38 931136140 ¼ï¬K½÷ x c 81 f  0 77 99  0  0 67 20
39 932136141 »¯²Q¯u x b 85 f 35 82 99 61  0 67 10
