id sid       name    s1 h1 h2 m   mm h3 mi h
---
01 001436101 謝亨泰 +1 90 V 85 20 80 90 69 90
02 001436102 周政偉  0 99 V 80 50 80 90 68 90
03 001436104 張哲瑜 +1 90 V 80 25 80    69 90
04 001436105 喻韋融  0 60 v 70  0  0 50 33  0
05 002436106 陳莉潔  0 60 v 70  0  0    33  0
06 001436109 洪弘佳 +1 99 V 80  0 80 90 65 90
07 001436110 陳信吉 +1 99 V 70  5 80    64 90
08 002436111 洪慈鄉 +1 99 V 80  5 80    66 80
09 001436114 陳信甫  0 60 x  0  0 60 90 30  0 work
10 002436115 王井怡 +1 99 V 80  0 60    60  0
11 001436116 李哲翰 +1 99 V 80 60 80 90 80 90
12 001436117 殷開郁  0  0 x  0  0 60    15 90
13 001436118 吳偉豪  0 99 x  0 30 80    52 90
14 001436119 蔡炫運  0 90 V 85  0 80 90 64 90
15 001436120 劉俊憲 --------------------------
16 001436122 林東亮  0 99 x  0  0 60 90 40  0
17 001436123 陳俊廷  0 99 x  0 55 80    60  0 May/2X may off
18 002436126 黃莉雯 +1 99 V 75 10 80    66 90
19 002436127 何佳芳 +1 90 V 75  0 80 70 62  0
20 001445108 蘇佳威  0 99 x  0  0 80 90 45  0
21 001436150 李政穎  0  0 x  0  0 60    15 70
22 971444122 周翰杰  0 99 v  0  5  0    26 80
