1.
001436109
001436116
001436102
001436101
--
李政穎
001436122
001436114
0014451086
0014361235
0014361180

2.
002436115
001436104
002436111
001436119

3.
002436126
002436127
--
002436106
001436105

4.
971444122
001436117
id sid       name   s1 h1 h2
---
01 001436101 謝亨泰 +1 90 V 85
02 001436102 周政偉  0 99 V 80
03 001436104 張哲瑜 +1 90 V 80
04 001436105 喻韋融  0 60 v 70
05 002436106 陳莉潔  0 60 v 70
06 001436109 洪弘佳 +1 99 V 80
07 001436110 陳信吉 +1 99 V  0
08 002436111 洪慈鄉 +1 99 V 80
09 001436114 陳信甫  0 60 x  0
10 002436115 王井怡 +1 99 V 80
11 001436116 李哲翰 +1 99 V 80
12 001436117 殷開郁  0  0 x  0
13 001436118 吳偉豪  0 99 x  0
14 001436119 蔡炫運  0 90 V 85
15 001436120 劉俊憲  0 99 x  0
16 001436122 林東亮  0 99 x  0
17 001436123 陳俊廷  0 99 x  0
18 002436126 黃莉雯 +1 99 V 75
19 002436127 何佳芳 +1 90 V 75
20 001445108 蘇佳威  0 99 x  0
21 001436150 李政穎  0  0 x  0
22 971444122 周翰杰  0 99 v  0
