      2月 2005
日 一 二 三 四 五 六
       1  2  3  4  5
 6  7  8  9 10 11 12
13 14 15 16 17 18 19
20 21 22 23 24 25 26
27 28			

      3月 2005
日 一 二 三 四 五 六
       1  2  3  4  5	1,2
 6  7  8  9 10 11 12	8,9
13 14 15 16 17 18 19	15,16
20 21 22 23 24 25 26	22,23
27 28 29 30 31		29,30

      4月 2005
日 一 二 三 四 五 六
                1  2
 3  4  5  6  7  8  9	5,6
10 11 12 13 14 15 16	12,13
17 18 19 20 21 22 23	19,20
24 25 26 27 28 29 30	26 期中考

      5月 2005
日 一 二 三 四 五 六
 1  2  3  4  5  6  7	
 8  9 10 11 12 13 14	
15 16 17 18 19 20 21	
22 23 24 25 26 27 28	
29 30 31 x  x		

      6月 2005
日 一 二 三 四 五 六
          1  2  3  4
 5  6  7  8  9 10 11
12 13 14 15 16 17 18
19 20 21 22 23 24 25
26 27 28 29 30

