01 932206101 ©Pà±´A 43 70 88
02 932206102 ³¯ÒR´ü 42 50 65 good
03 931206103 ±i®a»¨ 12 21 40 bad
04 931206104 ¸³µq¦ù 0   0  0 
05 931206105 ½²©ú®p 38 25 20 bad
06 931206107 µ{Ä¶¥Á 10 35 48
07 931206108 §õ©yª@  0  0  0
08 932206109 ³¯©y§¡ 20 25 25
09 932206110 ³¯¥É¼b  5 45 30
10 932206111 ¸â¶®¦p 18 55 62 good
11 931206112 ¤ý§Ó°a 15 55  0 bad
12 931206114 ¶À«T¿« 15 50 28
13 931206115 Áé¨Ô¿« 25 45  ?
14 931206116 ¤ý·ì´­ 23 50 64
15 931206117 ªL±Ò°a 18 40 20 bad
16 932206118 ½²©{®e 55 56 53
17 931206119 ±i¨|»¨ 35 50  5 bad
18 932206120 ³¯©ÉÄÉ 40 65 57
19 932206121 ÃC¨q¬À 15 30 41
20 932206122 ¿½¿P§g 15 45 35 good
21 931206123 ¶À°ê©÷ 20 35 10 bad
22 931206124 ³¯­³¦ö  8 37 42
23 931206125 ¬xª³µ`  0  0  0
24 931206127 ¬xªQ­Z 10 25 13 bad
25 931206128 ªL®p»õ 35 25  0
26 932206129 ³¯¨q¦p  8 25 14 bad
27 931206130 ¶À·ç¯q 13 40 25
28 931206131 ½²ÌÉ§» 30 58 35
29 931206132 ¶À·ù·ç 20 45 31 need help
30 931206133 ±i®a»ô  0  0  0
31 932206134 ¼B©¨²N  5 10 10 bad
32 931206136 ³¯¬F¤å  7 25 13
