說明 q:小考 n:筆記 h:作業 mi:期中考
id studen_id c_name orig_class n1 h1 q1 n2 mi q2 h2 h3 n3 q3 fi
 1 952136101 陳淯渝 二技資一甲 80 80 20 90 10 10 70 75 85 10
 2 951136102 蔡易祐 二技資一甲 90 80 60 80 15 60 75 70 80 40
 3 951136103 林瑋振 二技資一甲 90 85 50 70 10 25 75 65 80 40
 4 951136104 陳廷昌 二技資一甲 75 90 60 70 75 70 75 70 90 40
 5 951136105 沈竹偉 二技資一甲 80 80 60 70 20 60 65 75 85 30
 6 951136106 曹富証 二技資一甲 80 50 20 80 35 70 75 75 85 30
 7 951136107 楊智強 二技資一甲 85 85 60 75 70 60 80 70 90 40
 8 952136108 葉淑青 二技資一甲 80 90 60 80 70 85 85 85 80 40
 9 952136109 林美字 二技資一甲 95 95 80 90 99 99 80 80 90 50
10 952136110 陳玉芬 二技資一甲 90 95 90 90 60 60 85 80 95 40
11 951136111 陳佳夫 二技資一甲 90 90 90 80 75 85 90 80 95 40
13 951136113 宋耀文 二技資一甲 70 75 60 90 65 50 75 60 85 40
14 951136114 蘇勝文 二技資一甲 70 75 40 85 50 35 75 75 80 10
15 951136115 林晏任 二技資一甲 70 85 50 70 45 60 65 75 90 30
16 951136116 方靖翔 二技資一甲 60 75 20 60  5 10 75 75 50  0
17 951136117 樊禮旗 二技資一甲 80 70 40 80 40 70 80 70 95 40
18 952136118 樓佩雯 二技資一甲 60 75 40  0  5  0  0  0  0  0
19 951136119 郭科佑 二技資一甲 70 75 60 90 10 70 70 60 90 30
20 951136120 蔡博安 二技資一甲 80 95 40 90 70 70 80 70 85 40
21 951136121 薛毓澄 二技資一甲 60 75 70 70 75 45 70 60 85 10
22 952136122 丁若婷 二技資一甲 70 85 40 75 10 10 80 75 85 10
23 951136123 楊宇勝 二技資一甲 70 70 60 90 35 60 70 50 85 30
24 951136124 潘冠廷 二技資一甲 70 75 60 90 10 50 75 65 80 10
25 952136125 盧蒨瑢 二技資一甲 80 70 30 85 10 35 80 75 90 10
26 951136126 潘一鳴 二技資一甲 80 80 60 90 78 60 75 70 85 40
27 951136127 張政富 二技資一甲 70 70 40 90 15 10 75 60 80 30
28 952136128 莊靜如 二技資一甲 70 56 40 60 15 60 80 70 80 40
29 951136129 陳又慎 二技資一甲 90 50 60 80 40 60 70 80 80 10
30 951136130 蔡志航 二技資一甲 20 50 10 90 99 90 80 70 80 50
32 952136132 詹雅如 二技資一甲 65 64 30 80 20 10 75 70 85 10
34 952136134 黃鼎雅 二技資一甲 90 80 60 85  5 10 80 75 85 10
35 951136135 莊  翔 二技資一甲 70 60 30 90 70 50 70 80 85 30
36 952136136 張郁琳 二技資一甲 70 56 20 85 30 35 80 70 85 10
37 951136137 張文山 二技資一甲 70 85 20 80 35 70 80 75 85 10
38 951136138 趙傳祐 二技資一甲 90 75 50 85 75 85 75 60 85 40
39 951136139 金崇民 二技資一甲 90 80 20 85 30 10 80 70 85 10
40 951136140 謝旻宏 二技資一甲 85 80 50 85 10 40 75 70 90 10
41 951136141 高昆儀 二技資一甲 70 70  0 85  5 10 80 70 90 10
42 952136142 吳昭瑩 二技資一甲 60 85 40 70 20 10 80 80 85 10
43 951136143 林天翔 二技資一甲 60 75 40 90 65 70 48 50 85 50
44 951136144 戴維政 二技資一甲 70 56 50 70  5 70 70 70 80 10
46 941136118 黃順志 二技資二甲 80 75 50 85 95 60 80 80 85 40
47 941136132 周駿源 二技資二甲 20 64 10 70  5 10 75 75 85 10
48 941136136 薛亦廷 二技資二甲 60 70 60 90 15 70 70 60 85 10
49 941136138 張景豪 二技資二甲 70 64 40 80 15 30 70 70 80 10
50 941136140 黃冠彰 二技資二甲 80 85 40 90 15 70 75 75 85 10
51 941136144 曾偉民 二技資二甲 70 75 40 90 10 40 75 80 80 40
