      9月 2006
日 一 二 三 四 五 六
                1  2
 3  4  5  6  7  8  9
10 11 12 13 14 15 16 start
17 18 19 20 21 22 23 18 hw1
24 25 26 27 28 29 30

     10月 2006
日 一 二 三 四 五 六
 1  2  3  4  5  6  7
 8  9 10 11 12 13 14 quiz1
15 16 17 18 19 20 21
22 23 24 25 26 27 28
29 30 31

     11月 2006
日 一 二 三 四 五 六
          1  2  3  4 quiz2
 5  6  7  8  9 10 11 mid
12 13 14 15 16 17 18 hw2
19 20 21 22 23 24 25
26 27 28 29 30

     12月 2006
日 一 二 三 四 五 六
                1  2
 3  4  5  6  7  8  9 quiz3
10 11 12 13 14 15 16
17 18 19 20 21 22 23
24 25 26 27 28 29 30 hw3
31
      1月 2007
日 一 二 三 四 五 六
    1  2  3  4  5  6 quiz4
 7  8  9 10 11 12 13 final
14 15 16 17 18 19 20
21 22 23 24 25 26 27
28 29 30 31
