      2月 2004
日 一 二 三 四 五 六
 1  2  3  4  5  6  7
 8  9 10 11 12 13 14
15 16 17 18 19 20 21
22 23 24 25 26 27 28 23-開學
29

      3月 2004
日 一 二 三 四 五 六
    1  2  3  4  5  6
 7  8  9 10 11 12 13
14 15 16 17 18 19 20
21 22 23 24 25 26 27
28 29 30 31

      4月 2004
日 一 二 三 四 五 六
             1  2  3
 4  5  6  7  8  9 10
11 12 13 14 15 16 17 15 quiz2
18 19 20 21 22 23 24 19-23 midterm
25 26 27 28 29 30

      5月 2004
日 一 二 三 四 五 六
                   1
 2  3  4  5  6  7  8
 9 10 11 12 13 14 15
16 17 18 19 20 21 22
23 24 25 26 27 28 29
30 31
      6月 2004
日 一 二 三 四 五 六
       1  2  3  4  5
 6  7  8  9 10 11 12
13 14 15 16 17 18 19 17 quiz2
20 21 22 23 24 25 26 21-25 final
27 28 29 30
