      3月 2010
日 一 二 三 四 五 六 
    1  2  3  4  5  6 開學(3)
 7  8  9 10 11 12 13
14 15 16 17 18 19 20
21 22 23 24 25 26 27
28 29 30 31

      4月 2010
日 一 二 三 四 五 六 
             1  2  3
 4  5  6  7  8  9 10
11 12 13 14 15 16 17
18 19 20 21 22 23 24
25 26 27 28 29 30 xx 期中考(28)

      5月 2010
日 一 二 三 四 五 六 
                   1
 2  3  4  5  6  7  8 作業(5)
 9 10 11 12 13 14 15
16 17 18 19 20 21 22 小考(19)
23 24 25 26 27 28 29
30 31
      6月 2010
日 一 二 三 四 五 六 
       1  2  3  4  5 畢業考(2)
 6  7  8  9 10 11 12
13 14 15 16 17 18 19
20 21 22 23 24 25 26
27 28 29 30

