id sid       name   h1 h2 h3 mi h4 a  h5 q1 fin
01 972206101 張簡依 99 99  0 15 80 58 99 70 20
02 971206102 黃獻樟 90 90  0  5 80 53 99 75 10
03 972206103 王苡岑 95 99 50  5 85 66 99 80 30
04 972206104 許月萍 90 99  0 15 75 55 99 75 15
05 971206105 孫政宏  0 99  0 10 80 37 99 50  5
06 971206106 高浩銓 85 80 50 13 70 59  0  0 15
07 971206107 婁良維 90 80  0 10 10 38  0  0  5
08 971206108 余漢彬 90 90  0  5 70 51  0  0 10
10 972206110 吳紫瑩 80 99  0  5 80 52 99 75 50
11 971206111 張閔堯  0 90  0  0 80 34  0  0 20
12 971206112 洪杰廷  0 90  0  5 80 35 99 75 20
13 971206113 顏清展 90 90  0 10 80 54  0 40 20
14 972206114 劉欣臻  0 90  0 30 80 40  0 80 20
15 971206115 簡維軍 90 99  0 10 60 51 99 75 25
16 971206116 張漢志  0 99  0 10 80 37 99 70 45
17 971206119 張瑋宙 95 99  0 50 60 60 99 60 40
18 971206120 魏嘉勁 90 99  0 48 90 65 99 80 60
19 971206121 陳富詳 90 90  0  0  0 36  0  0  0
20 971206123 陳柏泳 90 99  0  0 80 53  0 50  5
21 971206124 張日稱 80 90  0  0 80 50  0 40 20
22 971206125 俞智偉 99 99  0 20 60 55 99 70 40
23 971206126 吳庭瑋 90 99  0 15 80 56 99 85 30
24 971206127 吳俊杰 90 90  0 10 80 54 99 80 15
25 971206128 楊建忠  0  0 50  5 90 29 99 70 20
26 971206129 傅崇銘  0 90  0 10 60 32 99 40 15
27 971206130 李介銘  0  0  0  0 70 14  0 40  0
28 972206131 陳淑滿 95 90 60 15 85 69 99 75 25
29 972206132 趙筠婷 99 90  0 25 80 58 99 75 30
31 971206134 簡志豪 90 90 60 30 80 70  0 75 40
33 971206137 曾榮華 90 99  0  0 80 53 99 30 30
34 972206138 吳蓓怡  0 90 50 10 80 46  0 65 20
35 971206140 李易倫 90 90  0  0 60 48  0  0  0
36 971206141 黃宇良  0 90  0  0 80 34 99 80 25
37 971206142 楊富銘 95 99  0 10 80 56 99 65 20
39 972206145 黃莉恩 90 99 50  0 90 65 99 70 40
40 972206146 梁芸萍 85 99  0  0 80 52 99 75 40
41 971206147 林欣暉 95 90  0 10 75 54  0 30  0
43 971206150 黃建忠 95 99  0 15 90 59 99 80 40
44 971206151 吳介霖 95 60  0  0 50 41 99 70 15
45 971210114 楊世琮  0 90  0 10 80 36 99 40 20
46 971210122 方宏勝  0 90  0  5 80 35  0 75 40
47 971210123 黃英桀  0 90  0  0 80 34 99 60 25
48 971210125 陳侑聖 85 99  0  0 70 50 99 40 40
49 971210128 劉育仁  0  0  0  0 60 12  0  0 20
50 971210129 陳政安  0 90  0 10 80 36 99 50 40
53 972206153 鄭以琳 95 99  0 10 85 57 99 85 35
54 971206154 洪智淵  0 99 60 10 90 51 99 70 25
55 972206155 黃子凌 90 99  0 15 85 57 99 85 10
