網路管理(下), 遠距課程 2014/02/
1. show up: (1st, 2nd) (midterm, m2), (final, f2)
---
      2月 2014         
日 一 二 三 四 五 六  
                   1  
 2  3  4  5  6  7  8  
 9 10 11 12 13 14 15  
16 17 18 19 20 21 22  
23 24 25 26 27 28     1st
                      
      3月 2014         
日 一 二 三 四 五 六  
                   1  
 2  3  4  5  6  7  8  2nd
 9 10 11 12 13 14 15  3
16 17 18 19 20 21 22  4
23 24 25 26 27 28 29  5
30 31                 6
      4月 2014         
日 一 二 三 四 五 六  
       1  2  3  4  5  
 6  7  8  9 10 11 12  7
13 14 15 16 17 18 19  8
20 21 22 23 24 25 26  midterm
27 28 29 30           m2
                      
      5月 2014         
日 一 二 三 四 五 六  
             1  2  3  
 4  5  6  7  8  9 10  11
11 12 13 14 15 16 17  12
18 19 20 21 22 23 24  13
25 26 27 28 29 30 31  14
                      
      6月 2014         
日 一 二 三 四 五 六  
 1  2  3  4  5  6  7  15
 8  9 10 11 12 13 14  16
15 16 17 18 19 20 21  final
22 23 24 25 26 27 28  f2
29 30 
