      3月 2006
日 一 二 三 四 五 六
          1  2  3  4 
 5  6  7  8  9 10 11 8  start
12 13 14 15 16 17 18  
19 20 21 22 23 24 25 22 quiz1
26 27 28 29 30 31

      4月 2006
日 一 二 三 四 五 六
                   1
 2  3  4  5  6  7  8
 9 10 11 12 13 14 15 12 quiz2
16 17 18 19 20 21 22
23 24 25 26 27 28 29 26 mid
30
      5月 2006
日 一 二 三 四 五 六
    1  2  3  4  5  6
 7  8  9 10 11 12 13  10 quiz3
14 15 16 17 18 19 20
21 22 23 24 25 26 27  24 quiz4
28 29 30 31           29 final		

      6月 2006
日 一 二 三 四 五 六
             1  2  3
 4  5  6  7  8  9 10
11 12 13 14 15 16 17
18 19 20 21 22 23 24
25 26 27 28 29 30    
