id sid       name   h1 ms mid h2 0.0
01 971506102 李信憲 99  1 99 86.0
02 972506103 歐佳惠 70  1 50 60.0
03 971506104 陳宏堯 90  1 10 53.3
04 971506105 陳聖鈞  0  1 10 23.3
05 971506106 伍原輝 90  1 60 70.0
06 971506109 辛桂宗 90  1 10 53.3
07 971506110 林煜凱 99  1 90 83.0
08 971506111 洪英晉 90  1 60 70.0
09 971506112 梁閔傑 90  1 30 60.0
10 971506113 許倉豪 90  1 10 53.3
11 972506114 郭雅晴 99  1 90 83.0
12 971506116 陳金成 99  1  5 54.7
13 971506117 黃士軒 99  1 55 71.3
14 972506118 黃芃穎  0  1 10 23.3
15 971506119 黃富斌 90  1 75 75.0
16 971506120 楊政傑 99  1 20 59.7
17 971506121 葉丞   90  1 10 53.3
18 971506122 劉人豪 80  1 10 50.0
19 972506123 劉婷婷 99  1 20 59.7
20 972506124 劉硯茹  0  1 10 23.3
21 971506125 蔡勝忠 90  1 10 53.3
22 971506126 謝泓奇 90  1 75 75.0
23 971506127 黃榮嘉 99  1 10 56.3
24 972506129 黃雙雙 99  1 10 56.3
25 971506130 李建緯  0  1 10 23.3
26 972506131 陳藝文 99  1 10 56.3
27 971506153 簡士超 99  1 70 76.3
28 971506155 蔡鎧蔚  0  1 10 23.3
29 971506156 柳仲原  0  0  0 0.0
30 972506150 陳慈敏 99  1 90 83.0
32 961506106 李明豪 70  1 10 46.7
33 961506116 鄒毅    0  1 10 23.3
34 961506153 賴慶隆 70  1 10 46.7
35 961506156 李易璇 70  1  5   45.0
