id sid       name   h1 h2 m1 m2
01 931506101 ³¯¼y«Û 70 70 10  0
02 932506102 §õË¨µ× 70 70 10 60
03 932506103 ªò²QµX 85 70 20 60
04 931506104 ªL«B¥Í  0  0  0  0
05 932506105 ³¢«º§± 85 90 35 99
06 931506106 ³\¬°µq 90 90 35 99
07 932506108 ¼B¨Î©É 70 90 35  0
08 931506109 ³¢«Øºµ 80 70 25 70
09 931506111 ªL¼w½å  0  0 10 40
10 931506113 §õÅv®Ê 80  0 25 99
11 931506114 ªL¶§µ¾  0  0 10 40
12 932506116 §õ¨ç®x 70  0 60  0
13 932506117 ÅU®eº_  0 70 20 30
14 932506118 ³¯¬MÀM 85 90  5 99
15 932506119 ³°»y¬X 75 60 40 60
16 932506120 ¬ö¬ü¼ü  0 60 20 30 food
17 931506122 ³¯¨ÎÂ@ 80 70 45 30
18 931506123 ½²§Ó´Ü 70 70 10 99 
19 931506124 ¼B¨Îºû  0  0 10  0
20 931506125 ¤ýÎë¿o 85 90 55 99
21 931506126 ¥jÂÔÞ³ 85 70 40 80
22 931506127 ¨ô«a§» 80 90 15 99
23 931506128 ¤ýºa©v 85 70 55 99
24 931506129 ­J©v¥Á 85 70 60 99
25 931506130 ¿½°¶§¡ 80 90 60 99
26 932506131 ¬ö¤D·ì 90 90 45 99
27 931506134 »¯Îë²W 70  0 15 40
28 932506137 ÄY²ÐÞ· 85 90 65 99
29 932506138 ³¯©u·L 70 70 10 30
30 932506139 ªô¶®¬X 70  0 15 80
31 931506140 ¬ê«H¸q 85 90 40 99
32 931506141 ³¯«T¦ö 70  0 15 99
33 932506142 ¥Û´ð¹a  0  0 45 99
34 932506143 ¶À²bÞ± 90 90 60 99
35 931506152 «¸³Õ¤¯ 50  0 10  0
36 932506154 ¾GÄR´@  0 70 35 80
37 921506108 §õ¬Rèû  0  0  0  0
